mfcc_0,mfcc_1,mfcc_2,mfcc_3,mfcc_4,mfcc_5,mfcc_6,mfcc_7,mfcc_8,mfcc_9,mfcc_10,mfcc_11,mfcc_12,mfcc_13,mfcc_14,mfcc_15,mfcc_16,mfcc_17,mfcc_18,mfcc_19,mfcc_20,mfcc_21,mfcc_22,mfcc_23,mfcc_24,mfcc_25,mfcc_26,mfcc_27,mfcc_28,mfcc_29,mfcc_30,mfcc_31,mfcc_32,mfcc_33,mfcc_34,mfcc_35,mfcc_36,mfcc_37,mfcc_38,mfcc_39,mfcc_40,mfcc_41,mfcc_42,mfcc_43,mfcc_44,mfcc_45,mfcc_46,mfcc_47,mfcc_48,mfcc_49,mfcc_50,mfcc_51,mfcc_52,mfcc_53,mfcc_54,mfcc_55,mfcc_56,mfcc_57,mfcc_58,mfcc_59,mfcc_60,mfcc_61,mfcc_62,mfcc_63,mfcc_64,mfcc_65,mfcc_66,mfcc_67,mfcc_68,mfcc_69,mfcc_70,mfcc_71,mfcc_72,mfcc_73,mfcc_74,mfcc_75,mfcc_76,mfcc_77,mfcc_78,mfcc_79,mfcc_80,mfcc_81,mfcc_82,mfcc_83,mfcc_84,mfcc_85,mfcc_86,mfcc_87,mfcc_88,mfcc_89,mfcc_90,mfcc_91,mfcc_92,mfcc_93,mfcc_94,mfcc_95,mfcc_96,mfcc_97,mfcc_98,mfcc_99,mfcc_100,mfcc_101,mfcc_102,mfcc_103,mfcc_104,mfcc_105,mfcc_106,mfcc_107,mfcc_108,mfcc_109,mfcc_110,mfcc_111,mfcc_112,mfcc_113,mfcc_114,mfcc_115,mfcc_116,mfcc_117,mfcc_118,mfcc_119,mfcc_120,mfcc_121,mfcc_122,mfcc_123,mfcc_124,mfcc_125,mfcc_126,mfcc_127,label
-391.8252,86.733055,21.75606,13.757183,9.030744,12.091555,12.048173,0.36570874,1.7376573,5.4751897,-5.656949,-6.118983,-5.5719476,-4.7571483,-3.2884645,-0.07131161,-0.12842578,-6.0779266,-2.4412115,-3.0305367,-0.43308055,4.9894648,0.9279866,-3.8689165,0.82688713,-3.5200987,1.2539431,1.5676467,-3.425017,-1.1235596,-3.5602791,-1.2986518,-2.889418,-2.3152196,-3.4262908,-4.224346,-2.8866549,1.1866195,2.886609,4.6611,7.5369086,5.3573427,4.328245,3.6273968,7.799405,8.21895,6.228988,5.490553,4.631427,-0.4020929,-0.24693023,2.3040712,-0.71728635,1.1058217,0.15048411,0.4759562,-1.0644156,0.81989986,-0.22413807,0.9793154,-1.0144919,-0.7682715,-0.58314466,-0.13142198,0.32828832,0.58498424,0.30228218,0.037931297,1.9448826,0.6983862,0.14215446,0.5209877,0.8560354,0.783547,-0.1505205,0.4643376,-0.18492988,0.24111173,-1.0494003,0.31184268,-0.51674026,0.5894,-0.18006948,-0.583871,-0.3596031,-0.51309234,0.082574226,-0.6088563,0.0074664205,0.15984853,0.96710366,1.5065858,1.7587472,1.7732,0.83640134,0.99246687,0.28892747,0.0044534537,-0.6733895,-0.23731956,0.07557309,-0.25782263,-0.105568826,0.9096171,0.7038663,0.4991903,0.54685,0.31728876,0.47608238,0.9316174,0.7553403,0.5473773,0.25438628,0.22046861,-0.024047375,0.07058781,-0.024889693,0.38104594,0.15320383,0.025894048,-0.1215753,-0.37047228,-0.24595785,0.20086257,-0.09608057,-0.052808028,-0.020983212,-0.20477577,buka
-219.55458,95.143524,23.050543,11.27375,12.111441,7.2538767,12.820862,-2.0456984,-0.2795058,7.2768064,-7.029059,-7.047171,-9.19152,-6.422854,-3.832167,-0.06807582,-3.157759,-4.7529917,-6.085726,-4.260391,-3.270961,3.6268778,-1.2083837,-3.9092412,-1.1563871,-2.5771146,-1.4102108,1.5578867,-5.774913,0.08129313,-5.273566,-1.2211581,-2.9392357,-2.5465136,-1.3815469,-1.4741719,-6.2629642,-4.5338163,-4.89043,-1.439269,1.7799513,5.833023,5.5706377,7.932817,5.933995,5.322747,2.6693058,1.9337736,3.8239806,4.397419,2.7759705,3.0847015,-1.3312832,0.7293268,0.90183586,0.6485044,-1.7132015,-0.11055331,-2.029658,1.3017795,0.038713083,0.42008308,-2.3525372,-1.0582279,0.64779097,0.6411468,1.2696265,0.013690343,0.3552876,0.037852183,-0.44494635,0.44316152,-0.43919653,0.04806441,-0.110991664,0.09881536,-1.5676649,-1.8154969,-0.87286633,-0.24093954,-1.1520144,-0.550076,0.63960767,0.3440925,0.5399618,-0.3343938,0.35180035,0.23855925,-0.6366667,-0.57287127,-0.66001385,-0.17922077,-0.3662025,-0.28472868,0.5596748,-0.03380437,-0.62994975,-1.1340653,-0.13506469,0.18397066,-0.3681213,-0.02858762,0.20029321,1.2746954,0.8682546,0.9728419,1.1721631,0.64724016,0.59089863,0.6876446,0.9364732,0.37089533,0.69712204,0.06133486,-0.1706206,0.38099882,0.5339162,0.18540551,-0.2001047,0.79830307,0.57768613,0.4833036,0.56039536,0.23986694,0.010312902,0.07516169,0.010301083,-0.4951849,buka
-231.49965,95.491196,21.78669,16.874832,9.731382,10.7662325,14.763392,2.3153365,0.4828452,3.2605042,-6.200699,-1.7126042,-7.362328,-1.6833941,-0.3366808,-2.1630065,-2.2623572,-2.6849759,-4.889982,-5.064355,-3.1470761,4.2562966,-0.8932915,-2.5883243,-0.28424135,-0.30795777,-2.1823468,2.2203794,-3.465517,-0.5852426,-4.4760394,-1.5398529,-0.26760656,-1.801618,-2.1111703,-0.94260484,-3.3846772,-2.0508077,-0.025608884,0.928652,1.178093,3.480939,1.2251077,3.4049656,0.63565755,1.9712123,3.3347495,6.771887,5.657282,4.7009196,2.130637,0.98590285,-1.4656897,0.32113394,1.4040908,-0.17110349,-1.1770489,-0.059581134,-0.8107601,-0.5621661,0.58250237,-0.68126345,-0.54432476,0.41218418,0.8082445,0.37586474,-0.7161506,0.36674592,-0.49191067,0.20510003,-0.66657805,0.77191645,-0.11088605,-0.06833612,-0.05908403,-0.04673161,-0.4531025,-0.5325963,-2.0236266,-0.24528128,0.27344248,0.4503249,-0.016951194,-0.8454144,-0.19705743,-0.58931625,-0.8633862,-1.3557475,-0.113245904,0.40578353,-0.7345971,-0.19255763,-0.43053782,0.6820649,0.46256578,1.0893791,0.63139135,0.028852785,0.4110641,0.060118772,-0.89294124,-0.49809417,0.08713307,0.18809776,0.44141284,0.6778976,-0.15752491,-0.14785075,0.48496047,1.20025,1.1123629,0.6493817,0.2479549,0.034958307,-0.24959658,-0.2146579,-0.30687603,-0.4670673,-0.9064654,-0.542785,0.45057988,-0.18845694,-0.6414968,-0.19063883,-0.3693353,-0.11992975,0.16737236,-0.20368752,buka
-239.90352,93.402954,20.391285,14.796158,7.593359,8.971307,12.700639,-0.08105777,0.0014423957,4.2892537,-6.7811017,-2.9793773,-8.099751,-2.4107003,-0.21125925,-2.0338569,-2.7437444,-4.011409,-4.7664046,-5.796066,-2.971188,3.305714,-0.107839204,-2.949757,-1.6517287,-3.1318796,-3.84488,0.264105,-6.9548726,-0.15134521,-5.7813034,-2.3689346,-2.1730583,-5.372739,-3.9233809,-2.4033976,0.27407444,0.85530376,2.1948066,4.74143,1.1769527,1.4320159,-1.4892612,3.0700696,3.9371774,4.823461,6.8345785,5.3832083,3.4053862,1.3312335,0.06344968,1.2107573,-1.599782,0.0265901,1.9825481,0.21388565,-1.1213359,-0.33230338,-0.9052476,-0.6058493,1.2296671,-2.0401282,-1.7706071,-1.0741221,0.0121709565,-1.2039933,-1.5825644,-1.3270402,1.0269389,1.1733053,-0.56958944,0.26801205,-0.84891224,0.6410933,1.1190118,1.1364576,0.18994032,0.5962706,-1.0605325,-0.47020862,-0.86922,0.38930932,0.46669328,-0.8291393,-0.7044179,-0.919039,-0.53828716,-0.24562232,-0.024116501,0.011474371,-0.48687655,0.3083314,0.46067524,0.76852703,0.3978672,0.25539118,0.15244672,-1.0144997,-0.055841967,0.3776755,-0.39299467,0.008647039,0.15994269,0.96797425,0.5506437,0.7589306,0.7433681,0.69945514,0.47417992,0.49572644,0.5990272,0.29042485,0.80061656,-0.09904995,0.117710136,0.20594202,0.11219616,-0.04301148,-0.37885168,-0.7095514,-1.4041506,-0.609654,-0.47832805,-0.3132386,-0.027160875,-0.27949733,-0.45490128,-0.20851511,buka
-239.52228,96.24301,13.798207,11.316676,9.502037,7.641552,16.703917,0.59138685,-1.3142829,5.2974663,-8.986366,-1.3696989,-7.2023935,-7.7265234,0.5046004,-3.0005393,-4.273159,-3.4249082,-4.315732,-7.084563,-0.9258008,3.755347,-1.4484502,-3.086323,-3.8754265,-0.12301347,-2.9500005,0.81822145,-5.9841547,-1.0217348,-4.7915816,-3.019454,0.09338122,-4.7356763,-3.2399144,-3.3653297,-2.4143217,-0.36225238,-0.9939201,4.018105,3.244443,5.722401,0.9041734,4.446763,6.3234453,6.6762543,5.954048,5.2843924,0.9333647,-1.8057461,0.61278266,1.9124541,0.94772863,-0.8174355,-0.41500568,-2.4560866,-1.8155451,1.8667233,1.6218604,-0.75781685,-1.3996533,-0.35475746,-0.97693145,1.2573706,-0.94970673,-0.24058522,-0.33604637,1.6272318,0.27665448,0.9357438,-1.2707754,0.49581334,-0.16336288,0.59145546,-0.6583225,-0.21412387,-0.1871381,0.07297002,-0.50534576,-0.5134915,-0.15889186,0.18231773,0.1997517,-0.587295,-0.77231,-0.43943042,-0.6577314,-0.14894862,-0.7591846,1.0363503,0.7726214,1.0546029,0.8644438,-0.067610726,0.078970775,0.22048448,-0.12848097,-0.07030606,-0.54490596,-0.39779228,-0.06343651,-0.012888585,0.1077506,0.48884875,0.52557236,-0.23515145,-0.045557458,-0.25749183,0.1396503,0.11762431,0.7676592,0.34876782,0.1726163,-0.07781966,0.32756764,0.49361742,0.107180536,0.10796599,0.010458484,0.3279139,0.4768172,0.42136073,0.3561271,-0.124047205,-0.059675615,-0.406617,-0.03303833,-0.15823986,buka
-259.80292,96.80133,19.465597,11.098683,9.829651,7.9384923,14.170372,3.087037,-1.173308,6.899849,-4.0680227,-7.8123565,-8.402834,-4.8598046,-2.2912722,-1.9980553,-1.0134645,-3.0058246,-5.0927253,-4.7527666,-1.8225982,2.4778912,-0.5053717,-3.7382233,-2.4039843,-1.1375984,-4.8031125,0.87515527,-5.787936,-2.6409795,-4.0381713,0.78117204,-0.77949893,-5.860823,-3.740313,-2.9524827,-0.26426098,2.496787,4.261074,6.948669,2.8332682,4.7411613,0.5100689,0.399181,2.0110688,2.560389,1.5937297,2.762498,-1.2662585,-1.8630537,0.2792286,2.1056788,-0.057260655,-0.67826515,0.14860927,-0.7741347,-1.9410342,0.15052591,0.5100645,0.4926543,-0.8177537,-0.22500952,-2.2662184,-1.2897269,-0.08958175,-0.33896223,0.18980107,-0.040151987,-1.4424422,0.008761878,0.12727123,0.42867327,1.6254296,1.2273811,-0.3107341,0.7949743,1.7415123,0.41132152,0.6835367,0.36384737,0.18672667,-0.50106907,0.35588112,0.24029425,0.17353217,0.43939507,-0.5927368,-0.42644513,0.18530264,0.5929707,-0.6928694,0.6905847,0.3755654,-0.23400916,-0.7268289,0.46216363,-0.7892307,-1.0407294,-0.2883868,-0.35140198,-0.77293235,-1.0038854,-0.32457152,0.51759946,0.7218112,-0.3600883,-0.20805544,-0.42743766,0.83377993,1.0775824,0.95210135,0.21106842,-0.130702,-0.38668618,-0.39349288,0.015459681,-0.03629774,-0.1673961,-0.12603839,-0.5025483,-0.5363296,-0.4611198,0.041589633,0.50621265,0.135681,0.20602381,-0.23522532,-0.76472807,buka
-206.38766,96.359825,23.984728,12.084601,10.7318125,13.319318,15.112576,0.8856103,3.225643,2.8383245,-6.4283295,-4.5903444,-7.86277,-3.5818188,-0.5638733,-2.287459,-1.0595628,-2.297862,-5.3780546,-2.2412007,-2.3779254,2.3996625,1.8139627,-1.4341407,-1.3848449,-0.5142175,-1.8901317,1.3050177,-3.7767825,-1.2936075,-2.9608645,-1.2910419,-0.16277766,-2.7881057,-4.410007,-2.2492313,-1.9042898,-2.9363194,-2.4010434,1.0991365,1.0693513,4.1890426,1.3506451,1.4570551,0.8706091,2.1261559,3.62664,6.766586,6.590958,5.5652423,4.808916,3.1366208,-1.0485876,-0.33021855,-0.59423256,1.5020921,0.326911,-0.34338805,-0.81061345,-0.69857895,-0.5943455,2.0933716,1.2117708,-0.9560344,-1.3146316,0.5330108,0.5424009,1.6610407,-0.8878867,-0.38789406,-0.27605253,0.26721302,0.35419095,-0.27521506,-2.042412,-0.27011955,-0.12487847,0.2848328,-1.1404232,-0.5147537,-0.03439803,0.88068235,-1.0850273,-0.809601,-0.16677292,0.2220485,-0.9283633,-0.8996072,-0.7212845,0.44852623,0.27764055,-0.44496435,-0.9640203,0.041236084,0.048821088,0.47064677,0.16968426,0.236485,0.78909105,0.07127354,-0.7114058,-0.40071723,-0.13158998,0.54157203,0.6036506,0.82041687,0.6763627,0.059730846,0.3475083,1.1590595,1.0654042,0.32961383,0.35725805,0.4691742,-0.05184766,-0.5616412,0.2827865,-0.44276792,-0.3206249,-0.030219642,-0.059887357,0.05514927,-0.34717694,0.018863909,0.6547064,-0.05117873,-0.33543804,0.21392311,buka
-225.2708,100.695435,23.326643,14.003166,11.063984,11.449078,12.317156,1.7508847,0.6332656,3.6387193,-9.735155,-4.532401,-8.012664,-4.084315,-0.13949202,-1.765459,-2.9788146,-2.4822242,-5.305709,-3.8664231,-1.2192045,4.9463377,1.1020229,-2.3800135,-4.0833898,-1.2589462,-2.02181,2.560208,-4.717869,-1.8892374,-3.2361403,-1.3532423,-1.3212028,-3.1333504,-3.6823845,-4.5569415,-3.2532854,-2.7837145,-2.0989702,2.4509833,3.4295063,5.3323426,3.01744,1.6642029,0.85033566,1.5346843,1.9739342,5.6376705,5.4428773,4.765273,4.906512,4.272164,1.3357278,0.4718195,-1.0179797,0.2484265,0.17787212,-0.31617343,0.89548707,-1.0588464,-2.089025,0.4554303,-0.4775351,-0.27175772,0.6382021,-1.1980023,-0.6086613,0.5842109,-1.0853266,-0.32660794,-1.4822519,-0.2753537,0.54050183,0.024969071,-2.2874947,-1.1431407,-0.45952052,-0.06076599,0.14716548,0.54103523,1.4859823,0.32740125,-0.2973465,-0.9577248,-0.6481421,-0.30770817,-0.55326486,-0.84656525,-1.2214471,-0.9752126,-1.1124449,0.09644921,-0.002935934,-0.54933774,-0.23544608,0.60540086,-0.6812095,-0.8572929,0.6810405,0.7937322,0.18446852,-0.5986024,0.2702883,1.0390679,0.24009746,0.977228,1.0048853,0.06728625,0.27720028,0.8870938,1.2156141,0.39713,0.32333866,-0.12930298,0.8499093,0.26427442,0.57105297,0.0425286,-0.15928699,-0.009673718,-0.05563265,-0.5343254,-0.39918095,0.28691188,-0.16789085,0.24028017,0.27313295,-0.9885336,buka
-255.02707,97.6062,23.150482,16.01114,9.950019,10.440307,14.001793,-0.31459963,1.017285,4.1422873,-6.80619,-5.2452965,-5.953455,-4.4418464,-1.102192,-0.83612335,-4.0433154,-2.2168088,-6.361521,-3.7254648,-2.2011943,3.8839087,1.2330536,-2.7196836,-1.6679589,-1.4752184,-3.438762,0.9572674,-4.096891,-0.84817684,-2.3922079,-0.033757165,-1.4942031,-4.5813003,-2.2646842,-1.4564805,-1.8393396,0.16284953,-0.90108204,4.5017223,2.4277177,5.2063613,3.079705,1.3937564,0.04676465,0.44047302,1.4975624,4.18827,5.9177284,6.6301856,5.4689093,4.694896,0.46229628,-1.094349,-1.2272826,0.8747585,1.6447792,0.48519504,-0.75826126,-1.2487111,-1.6091325,1.690556,-0.3919437,-1.4023758,-0.8642409,0.1086885,0.6778194,1.0108284,-1.5070153,-0.4448258,-0.80160844,-0.36243433,0.07311989,0.4696652,-0.36159635,-0.36452037,0.014091578,0.5452151,0.19061966,-0.15948014,0.08272583,0.30600515,-0.093025796,-0.5638475,-0.5347078,0.3362244,0.06536931,-0.49629533,-0.9049841,0.41188398,0.6986751,-0.121624,-0.24578531,-0.18629819,-0.8646661,0.18488657,-0.16629536,0.26106405,0.3697954,-0.39792395,-0.097654395,0.34199548,0.18714878,0.70100534,0.08024164,0.45113343,0.2018468,-0.33394313,0.58488727,1.0244008,1.4568073,0.6849041,-0.0028542096,-0.61987424,0.10334836,-0.36696777,-0.26794058,0.001149051,-0.50426716,-0.3187457,-0.029988807,-0.68901706,-0.67140627,0.46452954,0.098685585,-0.1811322,0.5732524,0.07404339,buka
-226.85788,97.7,26.266157,15.407944,10.567174,10.732785,13.3200865,-0.1442315,-1.0202521,4.4873137,-4.3546853,-0.45875242,-7.922656,-3.5714445,0.046088982,-4.6920633,-4.1640244,-1.152553,-4.7375326,-5.8481774,-2.352944,1.5086001,-0.34712353,0.46705535,-4.135952,0.41918772,-2.695283,0.5811799,-3.0985732,-0.787044,-3.7497785,-2.8757164,-1.7726518,-5.241031,-2.9392326,-1.3939563,-3.4649937,-2.668281,-2.160182,1.5840877,0.4153334,4.463589,1.8977786,3.0996766,0.499004,2.6949887,4.057419,7.111923,6.2103744,4.544809,4.2250185,1.1034826,0.19102284,-0.1125129,-0.18447295,-0.14490606,-0.9843935,-0.74212414,-0.26117486,0.3309231,-0.9144164,0.76526177,-1.3508075,-0.32788748,-1.0193868,-0.0896586,0.08582942,1.1723162,0.3735254,-0.52070045,-1.202538,0.32324398,0.6251255,-0.60975033,0.2961088,0.13911028,-0.28751302,-0.2624486,-1.1066699,-0.67205215,0.08992189,0.22684014,0.0318154,0.0784827,-0.8725893,0.16957353,-0.58753437,-0.93104553,-0.15415405,-0.050035547,-0.66667944,0.39273015,0.2046379,0.16534142,0.8570968,0.8402483,0.56578785,-0.16611867,0.41100037,0.22909619,-0.121758565,-0.57210094,-0.029816877,0.69680566,0.5421437,1.0477546,0.47444776,-0.13820228,0.32759887,1.0965433,1.3539352,0.10539291,0.26725313,0.0843278,0.6036779,0.12955287,0.030346567,-0.29386085,0.16280682,0.40009084,0.020145144,-0.77281886,-0.7823033,-0.08629089,0.35939935,-0.15329745,-0.42254862,-0.3561155,buka
-238.1061,96.16849,26.875565,13.989244,9.889541,12.501185,12.44533,1.6174741,-1.1506815,2.243732,-4.54759,-1.8452233,-6.9920936,-5.810457,-0.9601081,-2.7534256,-2.466164,-1.180166,-5.4574976,-7.0119905,-1.7512095,2.2032888,0.3978141,-0.40057483,-3.162454,-0.7930495,-3.6287339,-0.7599993,-4.70654,-0.38176343,-4.902669,-1.25992,1.3430148,-3.779655,-1.5669899,-0.18876721,-0.72009254,2.6870418,2.3324523,4.546166,2.7371964,3.1303294,-1.6239339,0.98047227,-0.29722238,1.8229308,2.2153337,3.631959,3.2818532,5.067071,4.425827,1.846657,-0.88078177,-1.0941828,0.49178603,1.8998225,0.21115835,-0.16412264,-2.0089984,-1.115881,-1.3247142,1.2044312,-1.3068056,-1.1277703,-1.5967076,-0.0068568788,-0.18500428,0.33610988,0.10587867,-0.1891934,-0.30688727,-0.09813405,0.5757898,0.88123363,1.5612868,0.26629475,0.8967133,0.39678186,0.034072813,-0.9477201,-0.35795304,0.26764834,0.28267762,-0.52971727,-1.3224539,-0.5486648,-1.215275,-0.7230408,-0.33690205,0.004840161,-0.17992592,-0.15352602,0.3994393,-0.09032704,0.026785249,-0.15726961,-0.2961917,-0.0412412,0.89551055,0.46819922,0.26749074,0.05755032,0.4488213,1.4386673,0.7803681,0.5296912,0.5623256,0.29741335,0.49165663,1.0029548,1.2924877,-0.35873717,0.64179367,-0.087852284,0.14974093,-0.077789545,-0.23532218,-0.13407834,-0.07548074,-0.34153262,-0.6825836,-0.29387927,-0.38429278,-0.53221214,0.27089524,0.08576695,0.029479716,-0.62255037,buka
-306.35767,100.58802,22.762596,10.812809,4.4237704,5.6489005,11.493241,0.25747505,2.2405665,5.489184,-17.377548,-11.61783,-3.8355267,-8.821774,-1.444504,4.66501,-2.9748,-7.277238,1.9698292,-9.324551,-2.9261825,6.995948,-6.2783813,-1.1759834,-5.4326057,-4.9463496,-0.6617137,-0.93723804,-6.5509934,-3.9268374,-5.078091,-3.2137578,0.4583555,-0.0675021,1.3093623,7.023182,3.9323823,6.626947,-0.44673946,-0.8425167,-0.48060638,4.472956,5.8957367,3.4754202,0.759432,0.6226777,0.33325624,0.076635845,2.1352272,1.5463766,0.7383959,0.95730764,0.1940993,0.09089876,0.14429694,0.038417347,-1.1883347,0.011856893,-2.4591486,-1.2063699,-1.4144336,0.47382247,-0.8413401,-2.6074286,-1.5529243,0.75353295,-0.22966053,0.6355719,-0.8979607,1.2416209,2.3087199,1.4759483,1.2968045,0.05896186,0.93676215,0.27412233,-1.7723674,1.4553987,1.0104548,-0.29909372,-1.2953191,-0.61410195,-0.05967212,-0.033519283,0.40824467,1.255013,0.3037271,-0.6931538,-0.37362194,-0.114050575,-0.5129467,-0.58077586,-0.3732287,-0.22685349,0.05579891,0.89969826,-0.40969083,-0.6171149,-0.95587987,-0.055316757,-0.4204758,-0.2700428,0.20303829,0.5803988,0.5641095,0.96658903,0.607797,0.14589445,-0.26111433,0.5691711,0.7895065,0.3376487,-0.009669157,-0.31497887,-0.30510795,-0.16225034,0.13403003,-0.33434084,0.09019463,-0.26311174,-0.60043305,-0.74278325,-0.59121054,-0.50397927,0.4332838,0.0935552,-0.29248816,-0.012602146,buka
-276.49512,105.91864,31.158445,18.032808,8.442829,10.075072,8.170895,-5.9085555,-3.1485527,2.4208252,-14.44332,-6.344223,-2.108422,-8.405421,2.304015,0.7581906,-4.556585,-7.0129232,-3.6885452,-8.759507,-2.5902534,6.6068063,-5.9511123,-1.4774646,-8.094656,-5.931898,-1.5413095,0.3810379,-7.7467585,-2.2226095,-4.996239,-3.0767112,1.297131,-1.0664991,0.6746543,5.856952,0.09043329,0.8519238,-3.8250701,-2.5429718,-1.961446,4.259259,3.5906408,4.1768436,4.660603,4.2106285,1.752183,0.035725564,-1.8806579,-3.6613379,-1.7787107,-0.49822095,0.78155977,0.01373295,1.3021687,6.874805,5.7390866,5.2965865,2.2856162,1.0808775,-0.45766398,1.4704826,-0.66667897,-1.003018,-0.7827689,-0.18544187,1.1012783,2.4533007,2.7532768,0.4417813,-0.94331086,0.6720052,0.66335744,0.65653324,-0.8682748,-0.6207043,-0.8673642,0.33341902,-0.37615028,-0.35763448,-0.64700633,-1.2574692,-0.5912516,-0.48095247,-1.0650247,-0.15800509,-0.15228444,0.9425555,1.6021918,1.0890164,0.44104502,0.14640245,-0.9681056,-1.0465645,-0.69787043,-0.38357964,-0.7532501,-0.71137744,-1.8933328,-0.9197542,-0.275554,-0.14861068,0.013415418,0.23069325,-0.02395628,0.013212534,-0.63917637,-0.1847849,-0.23920543,-0.47610277,1.2579637,1.5278494,0.9630926,-0.088518016,0.45052433,-0.1567113,-0.30075157,0.18761924,0.062353544,0.5959488,0.08461857,0.56932056,-0.015524219,0.59547436,0.6067249,0.14636351,0.25405586,-0.54128194,buka
-280.6649,90.77886,23.139153,19.188356,12.853876,10.61618,8.657458,3.5669315,3.263587,2.6751478,-15.0925455,-4.1402965,-3.8735266,-5.1056876,1.9125326,0.851182,-2.6801836,-4.3978553,-3.8678722,-6.4049954,-1.2448698,5.111157,-5.953634,2.6892638,-4.9075904,-5.267439,-1.0702728,-2.423206,-3.6061726,-0.9357026,-5.080532,-1.8175604,-0.28686625,-2.577658,-0.71263236,4.303001,3.336088,4.877418,2.1433034,1.7854674,1.4916762,5.2494993,7.8246474,7.404656,2.3091962,1.2703569,-1.4369011,-0.24422355,1.0555278,1.5505974,-1.3747475,-0.026706964,-0.7186449,0.16410255,0.34048203,0.65656567,-2.0819077,-0.23955207,-0.16575925,0.08833848,-0.5349478,-0.9578634,-1.9724668,-0.37656718,0.5611843,0.27310064,-0.90668756,0.5353663,-0.17506519,-0.50548196,0.4720149,1.896782,1.2920984,1.2096062,0.5653001,0.9540154,-1.4730641,-0.7520621,-0.96768844,-0.86984587,-0.5927696,0.12712996,-0.6126853,0.92178386,0.74154127,0.45411813,0.59281135,0.20439482,-0.21439071,0.55897737,-0.00992023,0.34289032,-0.42297143,-0.37587336,-0.5619803,0.042747065,0.29687646,-0.29408112,-1.403844,-1.0426052,-0.36615008,0.15150528,-0.03837839,0.5862509,0.22129178,0.7302694,-0.1767088,0.17991999,0.29761004,-0.3639808,1.2478147,0.9508287,0.407686,0.044628367,0.6429427,-0.6526002,-0.72127485,-0.13488524,-0.40770417,0.1444483,-0.37648377,-0.33913216,-0.4743544,-0.581904,-0.16022158,0.20595688,0.058561582,-0.12554148,buka
-208.57275,90.27926,21.557137,12.722618,8.369876,8.167617,9.113833,1.7563292,5.376673,3.571614,-18.597225,-3.64448,-4.8693113,-4.8477635,0.5265291,1.1581911,-6.2712812,-6.5941677,-0.40447295,-6.880535,-0.6957297,6.292881,-8.449681,1.2549176,-4.6704135,-3.971229,0.20185854,-1.2925217,-4.839789,-2.39655,-6.130176,-1.6058369,-0.90594983,-4.839927,-6.1923847,-2.2326365,-3.4495654,1.20017,4.5943346,7.8863525,6.9924912,8.406993,4.1694546,2.315827,0.69887906,3.5181453,2.3112462,2.7577918,0.16916013,0.75906986,-0.5335171,1.6299934,0.078301065,-0.030234475,-3.4255726,0.21499869,-1.2107155,0.5233756,-0.79976636,-1.389696,-1.4297847,1.0050961,-1.1216164,-1.9090798,-0.71755534,0.2465634,-0.8274613,-0.17054299,-1.3700255,-0.81447023,-0.6771819,-0.5390802,-1.2540919,0.0857841,-0.9707542,0.08923508,0.44894624,0.8890353,2.264346,1.3792776,0.51558185,0.18283524,-0.5152275,-0.26375213,-0.1644122,-0.11855949,0.5055092,0.26360244,-0.1610233,-0.3452269,-0.2310544,0.91157645,0.1134243,0.6400764,0.35666966,0.7412254,0.018489588,-0.28522998,0.21469502,0.35829088,-0.31030434,0.007558694,-0.19949973,0.6877942,-0.045937773,0.19564572,-0.26858944,0.22166808,-0.19385862,0.04229093,0.8175322,0.0058490094,-0.40860087,0.13731812,0.59441644,-0.30314836,-0.39335853,0.14696558,-0.14830244,-0.3068419,-0.91528857,-0.37218115,-1.0287827,-0.17974414,0.08720348,-0.2141016,-0.3056546,-0.3193181,buka
-219.85619,96.863106,27.102007,13.943743,8.462818,10.97838,16.09481,3.814714,0.5941563,4.3799887,-14.40482,-8.72885,-6.6800203,-1.2815312,-2.9704406,2.4672055,-0.7601932,-4.895227,-2.2669177,-2.1522496,-4.033351,5.106517,-1.6658622,-2.790896,-5.2274427,-1.932503,2.2165942,2.597812,-2.5866015,-1.3906898,-3.1277745,-0.79482687,-2.728024,-1.1670722,-1.5391318,-2.2549388,-4.268855,-4.6797748,-2.5110633,-0.7725827,3.2818391,7.220367,10.761094,7.493416,6.4351296,3.4529774,0.62800497,0.4161695,2.0867698,0.35623527,-1.1519737,1.7098271,-0.808437,2.3064685,0.52030003,2.4332771,-1.7850873,-1.3457884,-1.7354251,0.89260805,0.13655926,-0.23817125,-0.34175116,-1.1703831,-0.24594484,2.0702372,0.04153787,-0.805118,0.4845022,1.320029,-1.2207841,-1.0942681,-1.9460412,-0.33271518,-0.6829578,-1.2479262,-2.1952498,-0.8604914,-1.2037376,-1.3995464,-1.8592452,0.4943069,1.0180053,0.67919636,1.3479103,0.7537197,0.16429916,-0.92929465,-0.45363045,0.6874899,-0.0855678,0.28356335,-0.42040318,-0.09822044,-0.183957,-0.10080171,-0.34987816,-0.38513052,-0.7858982,-1.4767461,-0.6704989,0.38718578,0.012364637,0.56373966,0.24330832,0.64668024,-0.7670149,0.169194,0.69010305,-0.06625473,-0.1972421,0.11427983,-0.30760872,-0.43601817,-0.32964858,-0.014533648,0.12646015,0.30211774,0.7535942,-0.13419284,0.12421291,0.23561414,0.2639166,0.38559225,-0.25107744,0.07617204,-0.0142724775,0.10504821,buka
-270.71286,93.936516,28.005377,14.010068,13.83851,13.903211,14.729804,-0.6781268,0.3912528,6.6259017,-9.773416,-3.6742065,-7.2678595,-2.0527413,-2.5359588,-0.11156727,-2.5178645,-2.1986332,-6.4274883,-2.6267068,-1.8027457,0.7211507,0.5926778,-3.3920403,-3.504139,-3.0647235,-0.1836114,-1.7540885,-4.1824636,-0.6850175,-5.356942,-0.27623978,-1.9996742,-1.9656671,0.5761583,0.7343305,4.6917467,6.8022094,5.769801,4.472832,1.3910975,1.4493064,-0.09691491,2.2012606,1.8726919,2.6081939,0.6187888,1.3694627,0.73639995,0.6762569,0.21934104,0.31192613,-1.4045248,0.14652236,0.12442766,0.9986583,-1.1306077,0.48335636,-0.14266825,1.4564955,-0.61070496,0.16534369,-0.72408205,-0.058780603,-0.19263664,-1.7549524,-0.10398886,-0.262577,0.2413432,-0.71902174,-1.169219,1.4636837,1.517742,1.8529227,0.4652349,0.7029832,-0.00029186744,-0.61942166,-1.317305,0.008960805,0.27812758,-1.1463865,-0.46270335,-0.30924866,-0.67301184,-0.6441816,0.08035554,-0.105804294,-0.22584747,-0.60161835,0.5481684,0.58479714,0.14545074,-0.7339123,-0.53317505,-0.11839912,0.34752703,-0.0351788,-0.7213326,-0.6034528,-0.8974925,-0.04264326,-0.19474372,-0.05152438,-0.35400817,0.001088623,-0.5598416,-0.62968975,-0.02609618,0.21895476,0.091867946,0.0026935064,-0.6375023,-0.33922264,-0.29793036,-1.0840608,-0.42644277,-0.0877358,-0.21657838,0.17179571,0.43043935,-0.7500871,-0.13150182,-0.1480941,0.21376634,0.23096165,0.49548587,-0.6135994,buka
-202.31502,100.06044,30.98032,16.886278,11.841215,13.949678,17.418507,1.3315375,4.549335,3.0204487,-9.889313,-4.4822736,-9.557188,-2.3930533,-1.4103285,-3.4178205,-1.972025,-1.7369585,-5.6297097,-3.8035202,-2.941473,3.3835175,0.12893108,-1.3595741,-3.407743,2.1315024,-1.7195466,2.190382,-5.4767046,-0.82618403,-6.2045045,1.3465254,-1.1034763,-5.1607366,-3.4544296,-4.201492,-3.6399698,-1.6598939,2.626013,3.6535282,3.3282454,3.6437461,1.0957265,0.48823383,1.5725689,4.8698373,5.0775757,4.045794,0.37404278,0.20441556,0.76154304,1.8940774,0.543976,0.17945147,-1.1511225,0.48863205,0.73826253,0.3345163,-0.97261584,-0.42075172,-1.9722654,-0.26581693,-0.5288885,0.3229716,-0.8797199,0.15366222,-0.930512,-0.2803024,-0.05410057,-0.5307043,-1.4875206,0.37283298,-0.103666216,-0.0089815445,-1.0206877,0.035647582,-0.5308138,-0.018601336,-0.6305881,0.022214113,-0.28780457,-0.7023895,-0.60657644,-0.9947051,-1.5003661,-0.840914,-1.2828146,-1.1841443,-0.6844344,-0.24991886,0.13757384,0.4822036,-0.025228364,0.33818328,0.90565157,-0.27330583,-0.41282305,-0.4051461,-1.0364588,-0.22586687,-0.014774455,0.5809211,-0.14616643,0.7887618,0.5419773,-0.2497581,-0.05516231,-0.67065823,-0.40907836,-0.07613507,0.047570523,-0.123485304,-0.26465562,-0.17115587,-0.5876642,-0.29260033,0.09900359,-0.07993336,-0.45774066,-0.047107197,0.32262608,-0.31699848,-0.1650648,-0.25237846,0.21745227,0.34573987,0.24246979,-0.58565885,buka
-252.3795,97.28422,30.778048,14.504982,10.507651,12.996932,16.574001,0.541843,1.5388068,6.086408,-10.33413,-5.5816884,-6.3411255,-1.8970925,-2.5986357,-1.7369859,-3.4432907,-3.6691215,-7.055602,-2.5970721,-1.8826166,2.0852885,1.4896607,-2.7534165,-2.8492415,-1.3633367,0.9704846,1.5706216,-3.9478343,0.18005015,-6.634557,-0.72410405,-0.14896767,-2.6652815,-1.1234596,-1.9407779,-1.4846092,-1.1385069,0.596992,2.9325585,2.1540992,3.9658847,1.5159127,2.6889503,-0.032886732,2.5314193,0.56271535,1.9864451,0.64246756,2.618379,4.426416,5.4943748,1.4673901,-0.30893123,-1.2373918,0.84388226,0.372312,-0.34596413,-0.23930751,-1.0481474,-1.4827919,-0.18700676,-0.9588906,-1.8952799,-1.0114119,-0.76033616,-0.22589454,0.6489818,-0.41110584,-0.21015243,-0.32622167,-0.40097323,-0.82441294,-0.4968573,-0.070607215,0.21320957,-0.61233956,-1.1271279,-0.53444046,-0.5985148,0.31111655,-0.9982163,-0.5542063,-0.82359743,-1.0410249,-0.35276362,-0.016828505,-0.97286236,-0.33719096,-0.45522538,-0.959248,-1.0032437,-0.0523373,-0.2660174,-0.51820505,-0.98617953,-0.8428205,-0.90257275,-1.2887604,-0.4287477,-0.32421842,0.008669123,1.0596414,0.97731096,1.0312289,0.8600538,-0.1969223,0.1963494,0.24808033,-0.07044444,0.41358104,0.45356414,-0.13932231,-0.17414686,0.36357096,0.18822527,-0.25944373,-0.29372892,-0.46711668,-0.35474867,0.30945915,-0.8019859,-0.18522339,-0.12019574,0.14310104,-0.2045896,0.3483754,-0.20219485,buka
-251.62468,101.559784,24.6992,13.004522,7.254854,9.419772,13.42811,-0.70037615,2.0721931,4.777602,-9.976739,-5.1506424,-7.6121235,-2.002569,-2.026832,-2.2524805,-2.1836126,-2.3149238,-4.488481,-3.280201,-0.5129424,4.5852466,-0.28636736,-3.2762587,-6.100275,-0.17699566,-2.914569,2.9554281,-6.814945,-1.959913,-6.6930356,-1.2963866,-1.9554765,-5.1788707,-0.3267396,0.5675473,3.361134,3.8743143,5.7674184,1.9305036,0.39189354,1.6186079,1.43877,2.5326347,0.5951964,3.5541081,1.6296679,2.8723602,0.98795074,1.941527,1.8437444,2.2788348,-0.5821871,1.3670539,0.46879807,1.1572034,-1.6953218,-0.119222365,0.41377604,0.24469964,-1.3318943,-1.158644,-1.1851718,-0.8006571,-1.3135691,-0.8948244,-0.45148897,0.3106224,-0.81327486,-0.2692713,-0.16355912,1.7803607,2.0189967,2.192777,0.6057472,1.4147586,-0.3135074,-0.2895906,-0.88073057,-0.66462773,-0.21919106,-0.6853954,-0.32168418,-0.16937092,-0.48933023,-0.7486778,-0.52752274,-0.42378744,-0.89107037,0.13422917,0.15333115,-0.14586607,0.013576886,0.07807147,0.50555867,-0.15786442,-0.30663854,-0.28424883,-1.3058429,-0.2441396,-0.52848166,-0.30933356,0.15374392,0.69300795,0.43430611,0.8142657,0.44552153,0.251318,0.8867341,0.060003832,0.6603878,0.87831676,0.3137884,0.26622918,0.36786458,-0.0813932,-0.40707138,0.64814776,-0.50963813,-0.23358864,-0.0864581,-0.47511044,-0.12979771,-0.034902785,0.21763788,-0.44888392,0.056437623,-0.8270077,buka
-228.94084,95.1641,27.918499,16.303251,13.045079,14.003162,17.627918,1.4023142,1.350756,5.351278,-9.036903,-2.0799704,-4.593008,-0.29472345,0.9466827,0.16463646,-0.7989814,-0.8279333,-4.11032,-4.316703,-1.2052548,3.419487,-0.33671418,-1.432993,-2.3146958,1.286729,0.23367606,2.1908815,-5.176553,-1.5766531,-6.6553917,-1.4878415,0.95989436,-4.5844154,0.22558281,-3.3525658,-3.274507,-3.0561686,-2.8617706,0.6349464,1.2461739,3.6494412,1.5761912,2.0825825,-0.90436375,2.658964,4.1271715,7.9965677,7.2496886,5.554336,3.544533,0.08628005,-1.5612261,-0.62301797,1.2963469,1.1180838,-0.87526137,-1.8204336,-0.8374069,-0.22208737,-1.0120801,0.95354444,-0.8064137,-0.08863636,-1.1337699,0.3529381,1.2791903,0.8950076,-0.8024244,-0.37710068,-1.0880581,0.79105175,-0.17775866,0.11852148,-1.0410072,-0.25386629,0.24894747,-0.9443518,-1.1348867,-1.0874316,0.60717964,0.6840337,0.42479917,-0.08915075,-0.10108571,-0.23727497,-1.5338409,-1.6787095,-0.9311165,-0.21937367,-0.72270316,-1.1819819,-0.12386475,0.33065566,0.50600445,-0.44201052,0.22235416,0.07989549,0.2896608,-0.10947211,0.23106813,0.093568854,0.02202585,0.16933167,0.93189484,1.365743,0.14843242,0.4640574,0.2280519,0.9172092,0.99158686,0.5892737,0.12936522,0.5740222,0.11764738,-0.71151954,-0.29589728,-0.2355257,-0.46375272,-0.60525477,-0.08247681,-0.47534356,-0.4701291,-0.20872438,-0.26116556,-0.42454013,0.10256754,0.031478293,buka
-232.277,91.26553,27.591148,16.315674,19.794369,16.795473,12.13651,4.3634953,-1.3242531,2.6595883,-3.690252,-2.3316438,-3.5826933,-0.7564384,-0.18553153,2.7225955,0.049556088,-2.6509478,-4.216172,-1.3766878,-2.6341214,2.2245786,0.2126057,-1.6183671,-5.0837064,-0.7690544,-1.3200054,3.4249995,-4.577823,-0.6778185,-5.261766,1.4726825,1.7700202,1.449261,2.8144479,1.8948784,3.384429,1.7787226,2.186649,1.2539623,1.1987001,1.8169365,1.8881142,1.8491173,1.1347262,3.2237766,3.2984734,5.519727,2.4048493,2.6363704,-0.24928847,1.8649212,0.6339073,2.1256092,-0.23340604,-0.08332444,-2.219166,-0.7181776,-0.34616175,-0.20469055,-0.696062,-0.94283247,-1.7734447,0.5867888,0.92733383,0.467539,0.6021827,1.5240796,1.4473491,0.8291857,0.3632106,-0.43468964,-0.15782657,-0.23097304,-0.8174696,-0.04675776,-1.3317646,-1.5159955,-2.429829,-0.75474113,-1.0701581,-0.7939812,-0.86020136,-0.78511876,-0.5541822,-1.386012,-1.6776526,-1.2062021,-1.3077607,-0.34041572,-0.35578966,0.92040396,0.10294129,0.42393908,-0.08713743,0.24129078,-0.28070638,-0.14242768,-0.14610445,0.37621078,-0.39300913,-0.25643277,-0.5926877,-0.042702846,0.3935612,-0.2828003,0.13671154,-0.13562551,0.2560662,0.3638064,0.8416024,0.7526078,-0.068814255,-0.42852688,-0.33887908,-0.25625005,0.14933352,0.009072828,0.1773056,0.15436281,0.15907064,0.38474265,0.05741715,0.28797653,0.00059874606,-0.19080082,-0.3334783,-0.41339463,buka
-259.36575,91.05993,33.062374,12.903649,16.195927,9.90292,14.393175,1.8927176,-0.2025843,6.2012405,-5.1755314,-8.03648,-5.0983424,-2.7537177,-3.5642056,-0.8895953,-2.843163,-3.5725863,-3.442504,-1.3952214,-1.8466191,-0.10372737,-1.7510759,-3.0618298,-7.5908113,-0.8916676,-3.9448707,2.6665049,-5.1821795,-0.33256197,-8.073188,0.7498916,2.473789,1.8592589,6.194995,1.6739546,0.9449602,-0.20002976,0.29833364,-0.5966028,0.32156044,1.7637037,-2.5049636,0.4054918,-1.964747,3.9769466,2.70976,4.9875774,1.7108438,2.4339185,2.2723498,0.6327814,0.027313339,0.04065382,-1.5391377,0.59529626,-1.4602724,-0.69233406,-2.1304455,0.25883228,-0.3643028,-1.0499766,-0.48402616,-1.5327591,0.12543602,1.771251,1.0557193,2.493162,2.2424223,1.4765358,-0.058017418,0.75348043,-0.09735963,0.80885464,-0.16264059,0.5166071,-0.26906472,-0.99554676,-0.862747,-0.74183017,-0.3469618,-0.039502777,0.26468495,-0.6243433,-1.1093407,-0.09797492,-1.0919292,-0.5559261,-1.4247122,-0.9975592,-0.7602892,-0.5386972,-0.94582796,-0.5600683,-0.027084809,-0.8486393,0.30367997,-0.022042574,-0.6005984,-0.27852806,0.75892276,-0.3804855,-0.40265176,0.33229664,0.9986605,0.1162137,0.3246328,0.8754692,0.093885325,1.0306724,0.6420166,-0.06894971,-0.49801907,-0.4518067,-0.11806146,-0.24167424,-0.5862522,-0.33342296,0.054452,-0.32595286,-0.5909762,-0.18390644,0.18832918,-0.03940701,0.046501145,-0.20552374,-0.42317542,-0.04675877,buka
-164.1774,98.55241,13.022294,30.483732,12.303566,8.486493,6.760874,5.9566913,-3.6055312,5.6343513,-3.7715409,-1.4533768,0.33355236,-0.9730123,3.694945,4.7249794,-1.3902895,2.4179497,-3.0538018,2.3262649,3.10688,2.4559045,2.2507894,2.1613836,-1.897221,1.7789923,0.6123284,5.141435,-0.9729383,1.5999296,-2.4266088,-0.021704733,2.2682004,1.4773661,3.2354758,5.3613563,4.6656756,6.5281444,1.4836136,2.961624,-0.0034264491,3.3674963,2.778638,4.8099704,3.798166,5.150025,2.39943,4.6988053,0.44650808,1.2699573,-2.158757,0.3458784,1.663381,-0.9462788,-2.4195151,-1.2640378,0.10567461,-2.818935,-1.3734856,-1.0280079,-2.422511,-1.5164034,-0.7610547,0.51097935,-1.0752677,-1.8159989,-1.4314827,-0.18446417,-0.03557283,0.6042752,1.3935199,1.1771889,-0.04281062,-0.7948726,-0.64878726,-0.49506414,-1.3106571,-1.5102909,-1.5674981,-1.6235601,-1.6518202,-0.55732566,-1.2763032,-0.38729686,-1.6035935,-1.3574028,-1.5540253,-1.4907478,-1.5832214,-1.19485,-0.26685748,0.10907982,4.825592e-05,-0.66998714,-0.44114032,-0.5528519,-0.33487925,-0.12528512,0.27175248,-0.019927792,-0.5062419,-0.64878464,-0.17739353,0.3401289,0.22415814,-0.34365943,0.014195592,-0.56308705,-0.1814164,-0.51119745,0.026568193,0.75665253,-0.12221479,-0.31057656,-0.28815383,0.5404896,0.44932273,-0.5535633,0.08456242,-0.22269645,-0.24065481,-0.13340637,0.20397525,-0.2906946,-0.650689,0.38640308,-0.57268894,0.25006825,buka
-283.03702,93.277275,17.031649,8.846121,11.364265,7.9300857,13.549386,2.052924,-3.7617798,6.6035695,-5.258367,-8.14772,-10.619184,-6.155068,2.5726588,-2.5938227,-4.599526,1.0453712,-5.2550097,-6.375816,-3.3949711,1.7646651,-5.132194,-1.5829895,-9.609203,2.2119029,-5.7133665,-1.2286282,-4.0502214,-0.6575662,-2.9225476,3.8488364,9.711334,5.8300595,5.7040787,3.320264,2.0856566,2.8236825,2.0406601,1.9984269,0.14390793,0.23820007,-2.1099703,2.0059383,-0.7402936,2.4363427,0.75035864,-0.8393161,0.7134654,-0.12712884,1.5839207,0.49616224,-1.2344856,0.7210881,-1.5329193,0.35923868,-1.1031145,-1.0762208,0.07149337,0.9727106,-2.895947,-0.30833447,0.00807943,1.4734334,0.85072494,1.9438227,0.7252648,1.4590576,-0.5826059,0.9269343,0.7779264,0.089080065,0.3962628,0.18352921,-0.21444142,0.31564945,-0.5403558,-1.3640363,-0.15433082,0.65336406,-0.8013251,-0.30603573,-0.02931429,-0.823629,-0.4658905,-0.493445,-0.61613274,-0.6466304,-0.37020096,-0.3832977,0.3303452,-0.27498662,-0.03223242,0.6791071,0.08122911,0.20466785,-0.16233917,-0.19517033,-0.7151027,-0.2480754,-0.17729658,-0.44601157,-0.17394508,0.6273939,0.10307014,0.58307093,0.2421485,-0.8241276,0.0991577,0.23280914,-0.20817375,-0.76620823,-0.46069494,-0.9919322,-0.38029894,-0.26205692,-0.082516536,-0.04318699,0.7729352,0.25388277,0.36897326,0.0068597905,-0.32588172,0.10570584,-0.10580937,0.17562748,0.006846571,-0.2411506,buka
-198.71687,90.40637,26.901615,12.370517,11.683475,13.188826,18.22092,-2.5203085,1.4805471,4.487158,-8.545171,-3.1687553,-6.6487675,-2.673258,4.3879848,-3.0793436,-3.921862,-1.2664472,-4.966529,-3.999485,-2.583811,1.7699955,-1.3646212,0.5168673,-8.085992,1.8196224,-0.26586607,-0.54455554,-3.7880201,-1.6678458,-3.7253425,-3.4550526,1.7606039,-2.881736,-5.01765,-3.9436722,-3.545547,-0.568249,-0.39749956,2.8620248,1.797218,3.3507683,-0.6770098,-0.52099025,-0.07562137,2.8508446,4.281607,7.196396,6.1617618,5.261875,4.2729726,2.2467387,2.256144,1.2189296,-1.3598304,-0.16836894,1.1880795,0.8968553,-0.8153087,0.18829727,-2.4040759,0.11214447,-0.97930115,-0.78427714,-1.6290232,0.80128545,-1.1139572,0.37323302,-1.2774773,-0.2989416,-0.065784074,1.9040377,-0.82892936,-0.5921308,-1.3585911,0.18255566,-0.22112712,-0.14971413,0.2566047,1.2057782,-0.45565474,-0.74631226,0.23715617,-0.95273715,-1.8028961,-0.9203351,-0.7347903,-1.0088457,-0.9208724,-0.09076583,-0.39857095,-0.2544985,-0.3382161,-0.597165,0.18169753,0.30611023,0.2279984,0.77284926,0.08345578,0.44194564,0.43923685,0.56148344,-0.22511937,0.3049718,0.4371549,0.3575788,-0.064695776,0.24863034,0.64242065,0.87639725,0.80032796,0.22897626,0.06879944,-0.124627054,-0.14427961,0.27600247,0.36981332,0.13011007,-0.0936296,-0.874905,-1.0990667,-0.37003598,-0.1804894,-0.14400612,0.004416411,0.12140806,0.06211102,0.42458203,buka
-189.26123,93.66084,29.551508,12.807651,11.852872,2.844591,19.97957,-2.2983408,-5.114066,4.69724,-6.714517,-3.2734473,-8.231547,-5.8312654,2.539076,-2.8783765,-5.955597,-0.31491747,-6.320481,-7.4399357,-3.010477,2.4157841,-3.8687992,1.1701773,-5.775377,-1.3331652,1.132217,2.7973447,-5.5870514,-1.9375035,-4.349335,-4.3570356,-1.9425988,-0.88133025,-4.472453,-2.34206,-5.036211,-0.6943716,-0.21252644,1.4749553,1.8559463,4.4841876,2.2056608,0.1286428,1.7767262,3.9915636,7.1206837,9.373846,9.066812,4.6164236,3.2807758,1.592374,0.6657016,1.0740137,-0.3171553,-1.0583614,-1.4510343,0.3675518,-0.07927723,-0.015607387,-1.8183268,-0.17194784,-1.2809452,-0.38374025,-1.5983324,0.2788973,0.78179896,0.36438116,-1.7751584,-2.3573477,-1.633324,1.428478,-0.35528708,-0.8146192,-1.3453531,-0.22455373,-0.6427846,-1.0948043,-1.6196829,0.64207506,0.23532395,0.0028840653,-1.264581,-1.5375159,-0.79622674,-0.918565,-1.0934579,-0.6994607,-0.7302428,-0.5121256,-1.3872023,-0.22087806,-0.13062237,-0.6456398,-0.14376307,1.2085593,-0.042010594,1.0591033,-0.0915112,0.30786648,-0.213251,0.36157912,0.61782414,0.7332651,0.90602285,0.871294,0.64851815,-0.2495572,1.1424088,1.1053122,0.8881332,0.8410517,0.46846673,0.6927424,0.5102894,0.28276035,0.121309295,0.32155198,-0.13787316,0.16496314,-0.6575319,-0.8383585,-0.57518256,0.018352395,-0.19194189,0.20477983,-0.17801476,-0.041156534,buka
-188.75183,97.10245,20.714575,21.954105,10.973936,8.343374,14.179409,-5.2255526,-2.89969,3.495935,-8.760831,-1.404724,-6.4230123,-3.3992343,-0.28086185,-3.3407462,-4.8573866,-4.7613974,-6.5946655,-0.052362338,-2.7761524,0.6857134,-0.6062036,1.997374,-6.9636884,-0.54220945,-1.3285916,0.16191642,-6.8838816,-4.4003773,-2.6537013,-6.2616067,-4.8162456,-0.8133896,-2.1452274,-3.2683825,-2.284294,2.8609812,1.8598281,4.8074694,2.2011929,2.9613953,4.707091,7.428985,9.366221,10.530337,6.5367813,2.3941743,0.602451,-1.7362734,0.64212906,2.806344,-0.25813437,-0.4675131,-2.6755788,-0.8690952,0.3119069,1.056362,-1.829561,-0.92221916,-1.512591,0.3640293,-0.37084028,0.46323135,-1.2637371,-1.7324909,-0.42266884,-0.26355124,-0.4590966,-0.13956945,-1.5806242,-0.6606129,-0.4233971,-0.10157833,-0.9151023,0.77149016,0.92156327,0.73097414,-0.7259499,-0.3915508,-0.8396429,-0.0812685,-0.34806114,-1.1917281,-0.52485245,-0.37527847,-0.7869007,-1.1852059,-0.30040538,1.6907427,1.183519,0.05397929,0.13649759,0.5092037,-0.49753,-0.24714752,-0.53731066,-0.107148394,-0.645817,-0.71208507,-0.48292232,0.20820096,0.51873994,1.0834725,0.6578326,-0.15807937,-0.31531918,-0.11731576,0.12838237,0.23476827,-0.055505987,-0.029698683,-0.33508673,-0.3263722,-0.45510855,0.0011937398,0.47702137,-0.5826987,-0.048048798,0.401899,0.12983534,-0.05247304,0.55729866,0.48332056,-0.40299323,-0.02222879,0.23277348,-0.83783436,buka
-197.28339,95.44409,28.016361,16.471834,7.7880745,0.78150594,18.161242,0.5829532,-0.91828835,5.7860045,-10.53228,-1.5433089,-9.673623,-7.1621933,6.1220465,0.5488825,-5.067176,0.86080956,-7.419629,-5.898769,-3.5952156,4.1608872,-0.7395522,1.5923451,-8.276273,1.0524174,-0.65913874,1.2300358,-2.5055299,0.8071059,-5.4588714,-3.1761494,0.6506862,-1.0758504,-3.6458,-2.244286,-4.249238,-3.093068,-0.3460755,5.2407203,5.2114205,7.981677,4.8279266,2.9851062,0.29818326,1.2860028,3.7506564,5.566303,4.2068024,1.7307972,1.6213285,1.0304941,2.0283632,2.263483,-0.2502677,0.0019857774,0.93542355,1.4059563,-0.07129577,0.19680294,-2.0207112,-1.695251,-0.8387208,1.121686,-0.7476061,-0.9405611,-0.38240725,0.06628211,0.6790403,-1.0203856,-1.1063397,0.29471233,-1.4210796,-0.5381238,-0.64221346,-0.9035534,-2.110483,-0.218444,-0.17860822,0.6802021,1.4175119,0.71137285,-0.09681671,-0.7454684,-0.24365222,-0.5274005,-0.32602477,0.29982886,0.06037818,0.04242364,-1.2138894,-0.14736392,0.61612976,-0.42810306,-0.25496462,1.1095777,-0.16493373,-0.23145543,-0.87359214,0.586238,-0.604033,-0.58102775,0.21041098,0.48440912,0.5124117,0.92845976,-0.77380764,-0.6157064,0.21352166,0.06449713,0.240215,0.42404944,0.3003211,-0.16672352,0.11996603,-0.23572169,0.33442646,0.30633727,-0.03594177,-0.15479825,0.29169157,-0.5532367,0.0192406,0.08201376,-0.34451512,0.025654051,-0.28907356,-0.5606713,buka
-255.31006,94.1544,25.984058,9.9792185,8.274556,7.314698,16.32118,2.1529632,-3.6829603,2.9692185,-10.19194,4.1270847,-6.226349,-9.548088,-0.9396267,-3.2118812,-2.2877872,0.4817542,0.1957362,-6.500681,-3.3953514,3.2718017,-2.563868,-5.843512,-2.5536754,-0.35470366,-2.2430236,-1.2311676,-7.761774,-0.3974822,-6.444908,-2.3907685,1.0632223,1.6508634,4.5133896,2.1190114,-2.3747218,-0.97065914,-2.1658921,2.6981068,3.2661195,6.9810977,5.6470795,7.497341,4.879487,3.2544875,-0.779379,-1.6224581,-2.4225292,0.2504973,1.281105,-0.07898466,-1.9802011,-0.47903115,-1.4290525,-0.2647062,0.011675538,-1.3255545,-3.1327152,-1.9987662,-0.09388933,0.15213904,-0.5348754,-1.3775389,-2.3924167,0.7644922,0.22757782,1.463855,0.11019958,0.52939415,-0.24720198,-0.123066194,-0.35792044,-1.6304233,-0.8140199,-0.34913778,-0.6708036,-0.51049733,-1.8313167,0.052657537,1.3063098,0.27097896,-1.4980925,1.0390344,0.012803584,0.5078868,0.17680967,1.3394787,0.95733005,0.7099523,0.11053873,-0.36491126,0.4625564,0.14532064,-0.082451835,0.47454366,-0.12873244,-0.8216912,-0.63931954,-0.28976437,-0.2880322,-0.73042566,0.048986223,0.28746724,-0.24291559,-0.13219017,0.6645502,0.89764965,-0.330783,0.05926937,0.46392563,-0.015329496,0.028758125,-0.15018167,-0.08298793,-0.2715059,-0.2193093,-0.12242687,-0.036976587,0.037295964,-0.0402029,0.3693972,-0.33983454,0.4008526,0.62801063,0.43023717,0.09747479,-0.10962783,buka
-273.34534,85.31322,29.093065,12.905969,5.267854,8.605074,15.851998,3.165105,-5.989643,3.3536367,-12.193517,3.0598981,-5.7803464,-6.4382744,-1.9641078,-3.8826427,-1.6889707,-1.2119343,-0.31147146,-3.372744,-6.3764515,6.905887,-2.2403123,-6.660691,-3.804582,-5.6649537,-4.2093053,-2.7192202,-5.7725677,-0.38667306,-8.838893,-0.2286752,3.5781643,6.7224326,9.479358,4.7092195,2.9882314,-3.2140956,-2.5790179,0.185592,5.6986227,7.7794027,5.7472267,6.6214833,3.2939582,2.7814975,-0.9532575,-0.5547123,-1.7915535,0.86823845,0.8008598,1.9054093,-1.0940474,-0.19312295,-2.0740666,0.26579335,0.2313239,-1.619837,-3.6160257,-0.5558254,0.9783732,-1.8779806,-2.3152819,-1.6173201,-0.40564287,2.1628935,1.1353862,2.6795032,2.8080733,1.9518723,-0.7554292,-0.7747288,0.0783186,-0.81977016,-1.4197,-0.82197654,0.18819885,-1.4085383,-2.2660809,0.7565112,-0.9916693,-0.6048237,-0.9324894,1.2723911,0.99919564,0.70156014,1.6057544,1.3832513,-0.13571136,-0.6965333,0.6461833,0.08703511,-0.5442185,0.2280795,0.50064975,-0.18532047,-0.25140065,0.13118847,-0.3995494,-0.6810457,-0.66940004,0.12332548,0.3033688,0.97668815,0.85338163,0.41967353,-0.06477133,-0.43922895,-0.81521493,-0.22197491,0.74442905,-0.8552314,-0.329692,-0.18937787,-0.452796,0.3288933,-0.4051751,-1.3469985,0.1429803,-0.024985703,0.059051815,0.4758858,0.7639827,-0.15123035,0.28007427,-0.1080325,-0.53310806,0.032054372,buka
-235.19484,86.80864,34.53443,18.135885,13.15697,10.985534,12.227549,3.832411,-2.5124767,-0.34607977,-14.052672,-2.8086956,-4.732911,-8.213593,-0.9901271,-1.6580664,-4.942048,0.4129568,-3.1048658,-0.657408,-4.832191,1.8964205,-0.32648572,-4.139504,-2.9576612,-0.14147526,-3.1735718,-4.0822544,-4.8800287,-1.2379442,-3.8346148,-2.8509214,-5.1284366,-3.4876091,-2.2555673,-3.8269975,6.077151,4.97261,6.563358,7.5144367,1.6512449,1.2583092,-0.8084534,2.892922,2.4006438,5.464911,2.331757,1.6508725,-0.419741,-0.61150724,-0.12773968,0.62025464,-0.65046316,-0.95168537,-0.71493316,-1.3311679,0.48976645,-1.3301275,-1.6157981,1.5090003,-1.0637712,-0.25881085,-2.4166641,1.4786998,-1.9583749,-0.55031556,-0.8916105,-1.327122,0.35664347,0.088103525,-1.2516977,-1.438777,-0.38575143,1.3176543,0.9733969,2.416231,0.08800015,0.86285615,-2.4829402,-1.1091609,-0.45065755,0.6788231,-0.20656046,-0.1555577,-0.63611376,-0.26001617,-0.8533955,-0.99313223,0.6622011,-0.458126,-0.07997924,-0.20499066,0.37515807,0.3422953,0.45012772,0.20762017,-0.693751,-0.47140574,-0.52419966,0.26123777,-0.9462301,-0.52399266,0.32132345,0.72766834,0.30316427,1.059376,0.34253985,0.46576437,0.5525161,0.38671577,0.16815527,-0.29283684,0.15465152,-0.65985805,-0.3492697,-0.06963535,-0.19810404,-0.811692,0.046901338,-0.7058426,-0.54014444,-0.021497928,-0.33721384,-0.20461312,0.35059944,-0.032926705,-0.2832292,-0.04514468,buka
-206.6161,97.21011,23.798132,17.086378,10.504461,10.501696,15.412551,1.7560313,-5.2374234,-0.69736844,-11.526174,0.36444098,-4.32325,-8.120411,-1.2393757,-5.0048113,-3.0433998,-0.14186475,0.84573925,-1.7688806,-6.675204,5.5435705,-0.5287567,-5.202282,-1.4712578,-2.2920203,-3.3406994,0.9808751,-2.5312824,2.2018542,-3.8748727,-0.43332514,-1.6088214,-0.88731194,-1.7796931,-5.640209,-1.5533969,-4.267112,-4.13491,-2.6143215,-3.4788816,-2.980681,-5.320958,-2.3669994,-1.3748949,6.4067497,7.605463,14.13684,13.611438,11.056232,6.102406,1.4146494,-0.6605424,2.1312966,0.17613596,1.0014809,0.27262664,-1.9000145,-3.228385,0.34493205,1.3502079,-0.22933051,-2.6145341,0.29111004,-0.39719373,0.06303808,0.89700794,-0.34330672,-1.3628895,-2.2211456,0.94554096,0.88310707,0.13219285,-0.9832894,-0.59410286,0.9637082,-0.7437037,-0.37087262,-3.1110876,-0.042762067,-0.8313631,-1.098017,-2.2260938,-1.0695473,-0.7873945,-0.7429671,-0.65527403,-0.8335964,-0.37507793,-0.07456221,0.018379193,-0.40810528,0.4889997,0.32400155,0.525761,0.7831586,0.76432335,0.57273287,0.33808705,0.35903752,-0.64798486,0.7981807,1.1151515,1.4670324,1.0631523,1.0964499,0.54446316,0.42372203,0.8773712,0.82973665,0.99663824,0.58736026,1.2093047,0.43861914,0.48685628,0.10010131,0.4887704,-0.4098397,-0.58057123,-0.9028593,-0.35143524,-0.53859425,-0.92427135,-0.7584858,-0.34898746,-0.7480229,-0.10563231,0.3311566,buka
-179.84766,101.844315,24.284576,9.543778,7.507505,13.935629,17.190588,0.0014024294,-1.3100573,-3.7937832,-13.843169,-1.7722926,-7.225413,-5.8559775,-4.0102053,-4.278399,1.2794304,-2.7595406,-3.7362275,-3.2410822,-7.033686,5.4324603,2.938701,-2.9486408,-1.321454,-0.4176447,-4.1208396,1.6465743,-5.634184,3.5486798,-0.6292355,-0.49193227,-2.9920645,-0.35286808,-3.4972389,-5.4652343,-1.7434868,-7.062906,-2.206707,-1.8702885,-1.998353,-4.4604254,-3.0260377,1.8209128,6.604017,12.950573,12.439574,12.739823,6.0438375,1.6644212,-0.05809491,2.649706,1.6028403,3.4089649,-2.1609776,-2.4615412,-1.2958856,2.0016117,-0.37208247,0.82731026,-2.2613504,-0.124362506,-1.5638654,2.5217388,-1.0970037,-0.592526,-2.2356246,-0.7296273,1.6427846,1.9633021,-1.1355324,-1.4305818,0.8342284,-0.11318986,0.7612693,-1.2093005,-1.789672,0.5749635,-1.9161357,-1.2042198,-3.3357348,-0.65336585,-0.5406156,-0.43948522,-0.7874176,-1.4526078,-2.0108354,-1.402267,-1.1943326,0.14798947,1.969342,0.7864584,1.0419941,0.7920257,0.7760297,0.054166272,-1.433259,-0.49117076,0.34618634,-0.25443417,-0.9317538,0.5310077,1.3948231,1.0894192,1.4111346,0.7886167,0.6674005,-0.13377993,0.30777833,1.255394,0.9481088,-0.17517264,0.06469918,-0.207634,0.05831835,0.23261127,0.66308385,0.32786283,0.3658681,0.41430286,0.5245561,-0.21113475,-0.875308,-0.61299163,-0.41497204,-0.851201,-0.9137684,0.14934458,buka
-227.76617,94.63752,24.480268,11.324579,10.629659,16.753536,15.266011,3.1814299,-2.973018,-0.31797627,-9.585292,-2.4540277,-6.021102,-2.1657333,-2.7890782,-3.939664,-0.5491405,-3.223548,-4.089701,-3.4797044,-2.7574973,5.098345,-1.5479468,-3.2838097,0.41513473,-1.2251644,-3.0661242,-0.18367365,-6.601132,-0.090899706,-3.3986914,-2.194333,-4.7946525,-2.3079817,-2.8146744,-3.2060513,1.4945185,1.9017361,5.08051,4.8384504,0.37881404,-0.91518164,-1.4883707,2.0625353,3.938183,6.720603,6.0359616,7.5303764,3.439229,2.1265287,-1.0158905,-1.173101,-2.0480669,1.7271056,-0.14178982,0.16425565,-0.041148137,-1.6538723,-2.372146,1.4367517,-0.6851443,-1.6629478,-3.3780036,0.09432241,-0.4999587,-0.4283798,0.24684176,-0.5377328,-0.16327201,0.8332368,-0.21909675,-1.0198568,-0.48755187,0.77059954,1.4007552,2.0254893,-0.7711822,0.6155467,-1.5535282,-0.5512021,-1.4466114,0.115791544,-1.3899134,-0.4049495,-0.46913248,-0.6477556,-0.44066507,-0.10585993,-0.0043575307,-0.50329334,-0.8444612,0.498126,0.8719043,0.14966789,0.9707335,1.0407568,-0.36428636,-0.5464725,0.2544862,0.038517453,-0.7827844,-0.6459238,0.20548524,1.7524643,0.5968069,0.63967603,0.4808384,0.17624834,-0.08580123,0.85158104,0.7100588,-0.60059404,-0.11795513,-0.016290868,0.32029933,0.3384176,-0.34514377,-0.028622495,0.43952614,-0.46864343,-0.87584126,-0.7409074,-0.59473765,-0.7707496,-0.21143396,-0.31831846,-0.279229,0.097322054,buka
-237.98587,83.468445,32.57833,19.02098,14.289418,11.010763,12.362096,3.6311922,-0.92812115,0.68687075,-9.201322,-0.47917175,-2.2606564,-4.2059216,-2.0349524,-1.2780662,-4.8969474,-0.55459094,-3.9775944,-1.622894,-4.495507,2.5270631,-0.51595014,-2.5980437,-2.7631025,-1.4938686,-2.6722279,0.1491986,-4.223404,-0.31056595,-3.7742882,-1.754626,-4.0810213,-0.5325277,-1.336426,-0.009750527,2.174001,2.7645586,2.746505,4.3059316,1.709145,1.4535532,0.9993975,2.7068224,2.2487233,2.6730425,0.25273383,2.4783356,0.90523875,2.1878636,0.7441842,0.45392773,-0.8761196,0.5217972,-0.9971541,-0.43948388,0.05868699,-0.7676458,-0.9607029,0.28281555,-1.0245457,-0.24478562,-2.0735037,0.8565967,0.19472522,0.38651112,0.49489465,-0.31433553,-0.26628894,-0.006994805,1.2257886,0.99256545,0.8729604,1.2145637,0.79440993,1.1883214,0.26248255,0.19319773,-0.84299284,0.16311897,-0.7979777,-1.0266908,-1.4331466,0.040860146,-0.99779606,-0.70534927,-0.8232569,-0.56127006,-0.07860047,-0.6640302,0.10882787,-0.10825575,-8.7165834e-05,0.1832034,0.30894247,0.70567906,0.5251464,0.26280376,-0.7443542,-0.29400745,-0.6703797,-0.35480317,-0.0903665,0.5246963,0.26095295,0.33157796,0.23171748,0.8495257,0.3695127,0.8569425,0.78576744,0.6266416,0.25863788,0.31987733,0.58177584,0.2392475,-0.12100922,-0.21526515,-0.05395537,-0.42770958,-0.19997025,-0.46515536,-0.098383926,-0.06528586,-0.566755,-0.13260433,0.14157772,-0.23369925,buka
-183.46765,112.347755,26.649067,14.077061,-0.86019105,6.3508697,11.6261215,3.650203,-4.283312,3.0295882,-12.105988,-7.5356956,-2.66402,-11.656926,-1.550783,0.3972417,-4.42442,0.9382476,1.8720012,-3.0661397,-9.920142,6.4898086,-0.47550672,-4.8681483,-0.3424901,1.1166471,-2.3954036,0.29856434,-5.066399,-1.5450323,-5.747035,-4.9236283,-6.5953655,-3.9030805,-3.8988163,-6.919728,-2.7501442,-5.9494576,-6.045293,3.9352982,7.175179,9.59944,13.231442,10.566562,7.2727256,5.7392926,1.9424857,2.8598437,2.806366,2.709504,0.8705314,0.44248676,-2.4420893,0.86247396,-0.7832139,-1.3897965,0.4621097,0.115632,-1.8970596,1.8801639,-0.041146416,0.32110867,-2.1597455,1.3911616,-0.7495226,-0.0049035586,-0.05742198,0.8721316,0.3215532,-0.6619829,-0.31759936,-0.91420925,-0.77200395,-1.3044679,-1.1479425,-0.307592,-2.6176305,-2.1059406,-3.1257606,-1.930774,-1.3452113,1.5028715,2.1384933,2.4758878,2.6941984,1.9399694,0.60918736,-0.6221557,0.18424095,1.2292092,0.30748972,-0.723919,-0.22643642,-0.20892744,0.3548786,0.26007804,-0.24950176,-1.016821,-1.8390323,-1.1088848,-0.2652244,0.27623707,0.029238027,1.4092225,0.26354855,0.33387926,0.28666067,-0.53567433,-0.53718686,0.50457394,-0.0011208388,-0.063711785,0.45527047,-0.25306207,0.63315064,0.9546069,0.004803208,0.36672977,1.1722372,0.4222466,0.42420858,0.8189135,0.39883757,0.41517836,0.4892341,-0.22296411,-0.22533496,0.29145193,buka
-218.953,102.60766,28.314388,15.15136,10.896097,10.448159,12.904858,0.45597875,-4.396181,2.074777,-8.764848,-4.066003,-1.837211,-7.3876443,-3.595219,-3.2791002,-3.0154276,-1.772619,-0.7055043,-3.839833,-4.162256,4.698211,-2.6491575,-2.8462918,1.3322622,-1.624189,-2.654781,0.17318471,-7.0473228,-0.21457309,-2.973082,-4.545632,-6.770953,-0.040987678,-4.0068126,-6.6015663,-4.167978,-5.4399457,0.01013221,7.2009444,9.228725,10.865568,6.8645167,3.9085586,1.3718023,0.16166772,0.17184636,3.6891615,1.2835371,0.9378472,-0.75813866,1.1033596,1.8404838,2.6889982,-0.734351,-2.6177185,0.31078368,-0.314962,0.26172617,0.8245858,-2.6182249,-0.49594873,-0.60183984,1.2342359,-2.4956157,-1.0444931,0.0035149427,1.9307282,-1.2959676,-1.4363345,-1.224642,-0.6890489,0.64390284,-2.1903703,-1.5125331,-1.0900112,-1.3717161,-1.6526366,-1.1385653,0.8787663,1.2074131,1.4002285,-0.2653336,0.30709216,-0.5299574,-0.43329173,-0.6693292,1.3279071,0.2843026,-0.6261604,-0.970269,0.13383791,0.014607265,-0.4425552,-0.07860792,0.42917955,-1.0500685,-0.8318688,-0.5602475,-0.74925053,-1.6262611,-0.4244185,0.41724697,0.97388065,0.022597538,0.5903063,-0.3314767,-0.6675087,-0.073599756,0.5268274,0.5732911,0.300137,0.29223514,-0.14539915,-0.22227912,0.33566317,0.43081972,0.36130378,-0.41049287,0.5058638,-0.10577761,-0.5563301,-0.20898059,0.38284975,-0.60988307,0.22441106,-0.35327458,-0.71003485,buka
-265.67188,100.59479,31.45956,17.590685,10.996255,7.2907724,10.054392,1.9140707,-3.6661496,0.4038506,-9.5473,-3.045555,-4.612451,-7.5085783,-3.7230735,-2.7208302,-3.9966383,-1.07291,-2.019254,-1.8074611,-4.798808,5.752426,-1.9935678,-3.7280407,-2.4338377,-4.406066,-4.65322,-0.7113633,-5.6792345,-1.9980454,-3.7446613,-4.258795,-4.7976704,3.696783,2.3856268,4.271163,5.7337146,0.7729498,0.71172273,-0.15002017,-1.1081977,2.6116824,0.03750631,0.14169192,0.69255704,2.2340977,2.6723783,6.1459327,3.0551445,2.3986876,-1.7203327,-0.8685097,-0.2759183,1.7240422,-1.2352074,0.27642685,1.408131,-0.9833915,-2.4667137,-1.4404,-1.7359589,-0.15062284,-2.0028815,-1.3662722,-2.1893706,0.18942443,-0.66159314,0.09156966,0.04417355,3.132475,3.4238868,1.7252101,0.4876525,-0.719611,0.76891524,-0.30797574,0.39185774,0.30708125,-0.61871743,-1.1707399,-1.3230115,0.5890738,-0.09799092,-0.20551935,-0.16308248,-0.36797684,-1.9721994,-0.7829711,0.3813255,-0.21604636,-1.950548,-1.6240678,-0.034496125,-0.4243947,-0.22252707,-0.08800334,0.27310956,0.06068517,-0.7627723,-0.696625,-0.7548357,0.17570718,1.2308153,1.5172926,0.66739047,0.53054893,-0.07615938,-0.28409052,0.5431169,0.27041212,-0.13317464,1.0741247,0.8087614,0.3792916,-0.42464796,0.5084133,0.013082853,0.19103648,-0.2767706,-0.34035724,-0.53694636,-0.38428,-0.5153314,-0.15226035,-0.20371157,0.10670908,-0.08421765,-0.18039955,buka
-265.10928,98.62935,26.380236,24.265785,14.79081,8.532552,9.557993,-4.484777,0.46889493,1.9483895,-9.219202,1.2282954,-5.4529157,-9.171558,-5.190262,1.2432222,-7.3303833,-4.9237995,-0.20893544,-3.75741,-3.4468327,2.6971376,-1.2079352,-3.6070156,-3.9537232,-2.4428773,-3.573304,-1.3039825,-6.6569934,-0.84683836,-4.8418217,-3.369258,-5.163064,-2.2082124,0.40119675,1.559649,3.191251,4.017308,1.2722297,1.3241857,-0.11578982,0.6492294,-1.6494613,-1.0854331,1.7749491,4.673251,2.6656685,7.1610284,5.6074185,3.1806757,-0.48680803,-1.5651011,-1.5430669,1.4558283,0.0062289457,-2.6190288,-2.2091596,-2.3422432,-1.4711119,0.82635236,-0.9271896,-1.0684655,-2.092243,-1.1564264,-0.89672506,0.20879403,-0.84736913,-0.42749143,-0.40484366,1.1713601,1.7714375,1.8629636,0.6168057,0.7163197,1.1370697,0.07779821,-0.776097,-0.777907,0.14751092,-0.06407536,-0.04839663,0.6666606,-0.32746926,0.019959122,-0.55758184,-0.67943126,-1.0346727,-1.5789113,-0.9353631,0.19237092,-0.47482958,-0.23893906,0.12424918,0.19661446,0.124072805,0.8264049,0.40982825,-0.17314811,-0.74729866,-0.71625376,-0.100314625,-0.32038152,0.09131276,1.3041978,1.4601394,1.1048584,-0.024652181,-0.2949961,-0.17052233,0.5696579,0.810404,0.66917074,0.47588027,-0.21944052,0.19378461,0.64626026,-0.029338866,-0.40963525,-0.32151386,-0.82669926,-1.1602714,-0.7500746,-0.4821292,-0.12792636,-0.44068733,-0.49516976,-0.6352853,-0.14551629,buka
-254.42166,97.27506,29.904228,19.008358,8.502569,9.011157,16.220482,4.1755166,-4.5732737,6.713737,-9.120854,-4.5890775,-9.340668,-7.837924,-1.0528004,-2.9527094,-3.2136924,-1.4552492,-5.094326,-3.2793553,-1.7691281,1.0061153,-1.4101661,-1.830905,-6.5614386,0.13710667,-3.8548827,-1.2743367,-5.0513287,-2.1036875,-7.8263683,-2.8624551,-1.2051127,-3.516031,3.3929627,3.704374,7.459611,7.677099,3.3633652,2.3934612,-1.5724609,3.545921,2.6285882,4.6057067,3.8671017,4.2441688,3.394369,3.4537,0.5341149,-0.92905116,-1.8952571,-1.6481358,-0.7493143,1.581596,-1.6728439,-1.8365785,-2.529808,-0.7717121,0.4266627,-2.1926804,-2.7335703,-0.7342061,-2.015763,-0.51871204,-1.5934473,-2.1898541,-1.3490789,-0.4930636,-0.8277348,-0.0114218015,2.0670092,2.2640066,2.0256097,1.021227,0.13886793,0.4496309,-1.3072493,-0.08169362,0.6430923,0.6866091,-0.9880537,-0.78603935,0.00558837,0.16303368,-0.4330145,-0.51488143,-0.52839565,-0.61758655,-0.056333464,0.59318084,0.5443949,0.16442826,-0.47728002,0.82079405,-0.02979878,0.32897338,0.3992215,-0.9368706,-0.64650613,0.16063987,0.2704821,-0.5935548,0.042718954,0.88177687,0.4850711,0.4357997,0.8356859,-0.0037692217,-0.7986879,0.33447155,0.41529927,-0.42606238,-0.20261925,0.9330586,0.35127744,-0.087829456,-0.31696936,-0.60220903,-0.4055322,-0.1835925,0.038924534,-0.12910855,-0.08984466,-0.06689266,-0.13424692,-0.22713442,-0.5841967,-0.15304226,buka
-293.9596,90.4222,37.9729,23.803001,13.977203,11.11866,12.966019,7.3491626,0.2524785,5.3986964,-11.185003,-3.8858423,-3.8112948,-0.4155088,3.8751786,-0.08845504,-4.8584247,-0.1537445,-3.8082182,-2.05772,-2.6182775,2.0763006,1.2714272,-1.9039786,-4.2168436,-1.4044423,-3.755676,-1.8589091,-3.3523457,-2.771831,-5.8225665,-3.4307394,-3.3508608,-3.6121438,-0.56458074,2.744474,8.738819,7.499939,4.813736,2.16965,-0.14160468,1.0206624,0.46974975,3.486964,1.4496273,2.6483963,1.4310006,2.214029,2.7952335,2.7400873,0.34506357,-0.3667085,-0.64807916,0.55423737,0.6884508,0.64970607,-2.0310462,-0.40743825,0.90765095,1.3171332,-0.62992954,-0.2413573,-1.3050165,0.5786791,-0.99553925,0.07775726,-0.8167159,-0.06111999,-1.4171637,-0.70010614,0.7764775,1.5244502,2.4078012,1.8245245,0.7952652,0.8490185,-1.4676499,-2.0897226,-1.8964087,-0.09950624,-0.25360528,-1.2235507,-0.93381256,-1.2281685,-1.2095065,-0.6036968,-0.92024904,-0.72515523,-1.0146203,-1.0432352,-0.73166203,-0.13337496,-0.8146197,-0.8511439,-0.5055182,0.21535198,0.17859057,0.5412911,-1.1668347,-0.7507789,-0.76768214,-0.40944374,-0.09666549,0.035719343,0.4686124,0.9628794,1.1955214,0.6148388,-0.3667566,0.43380073,1.0020577,0.8120769,0.4673063,0.43998864,0.3716483,-0.28223914,-0.04137457,-0.14148313,-0.47318983,-0.67912334,0.5414905,-0.49708098,-0.8896879,-0.070024505,0.06312005,0.5281933,0.8290547,-0.3787059,buka
-257.46695,87.960106,41.03483,22.150782,17.65031,12.057766,12.939126,8.403321,5.225197,3.0052605,-6.8419156,-1.7217349,-4.620942,-0.62943256,1.0822489,1.5451459,-3.8955052,-1.653181,-3.8862731,-1.0996827,-3.3891587,0.6857886,-0.55171597,0.014811141,-3.6398973,1.3467437,-0.46025875,0.11008415,-1.9163693,-1.0972978,-3.68669,-1.0953028,-1.1147914,-1.8436283,-3.0254674,-2.2853124,-0.37061194,0.7127687,1.3995368,3.9886587,3.441934,3.4742565,-0.9566147,0.24697413,1.013503,4.057724,2.8322701,2.5991073,0.009273375,1.2243952,0.43471,0.8286053,-1.7671816,-0.96125245,-1.0462111,0.23569867,-1.0699015,-1.2442689,-1.0635219,-0.33793807,-0.84199935,0.59376305,-0.8792869,-0.032045227,-1.183578,-0.31262776,-1.1191056,0.23416653,-0.5178131,0.6207144,0.6019234,0.06274166,-0.4178866,0.015966116,0.15969525,0.05270407,0.012230924,-0.14086697,-0.56120116,-0.45387694,-0.7498846,-0.15821019,-0.5896746,-0.983819,-0.714516,0.31463447,0.13746579,-1.064776,-0.29836628,0.14752282,0.58173394,-0.15713014,-0.026001351,0.6998457,0.18241175,0.3956197,-0.12582491,-0.21991429,-0.13898304,-0.52438945,-0.1714306,-0.45301348,0.4371085,0.549528,0.09621175,-0.04994082,0.03491388,-0.030688945,-0.038991917,0.1429468,0.55279756,0.48984933,0.25656718,0.19110262,0.40085974,0.36819133,0.1350843,0.175368,0.014048811,0.24765238,-0.30364016,-0.32224298,0.07377334,-0.08582745,-0.021625863,0.09299521,0.0384754,0.10139028,buka
-200.0743,88.69648,26.499514,14.571659,13.5211115,14.227402,13.7924385,-0.21224229,1.6753352,3.3560638,-4.329929,-1.9570743,-6.0336194,-3.9419978,-1.331736,1.5338516,-2.5940375,-2.9688041,-4.0486135,-3.0696018,-2.3333015,2.933396,-0.9899528,-2.7250998,-4.54738,0.78675157,-0.4110685,0.32566682,-3.7427373,-2.1130395,-5.1248517,-0.39636657,-0.3440591,-2.8886254,-1.139301,-1.3850746,-1.3317629,-0.13995726,-0.08181551,2.2268138,1.6592485,3.0458403,0.17266053,1.0677354,-0.3392905,4.150835,2.9933965,4.5004997,2.5734596,2.2427242,1.2862931,0.543259,-0.3115873,-0.78560024,-0.050263956,1.070563,-0.14563742,1.148266,-0.34098208,-1.4329817,-1.093045,-0.2063302,-0.6631483,-0.90902734,-1.3973564,-0.09786677,-0.42630863,0.07506828,-0.7960929,0.24525812,0.6162844,0.5701719,1.0228828,0.2909587,-0.37731004,0.10425886,-0.82157516,0.11452915,-0.9103027,0.4396479,0.27825135,0.1960441,-0.4479087,-1.23092,-0.50988877,0.17232333,0.21009205,-1.3968424,-0.5020084,-0.3228558,-0.07979734,0.106816955,-0.86835706,0.10250181,0.10109423,0.24138403,-0.19834907,-0.2291242,0.15712403,-0.13425726,-0.32597268,-0.30299315,0.25492918,0.34854645,0.39422235,0.25232074,0.01194093,0.15674776,0.23507844,0.15045331,0.78668624,0.09826663,-0.10427594,-0.17750973,0.13819425,0.029515795,-0.06355209,-0.20674862,0.04156831,-0.1625803,0.13108619,0.059379306,-0.16343856,-0.218413,0.23531553,-0.0906492,-0.66033286,0.011261544,buka
-237.26286,96.09235,27.361166,15.6925,12.966887,11.569683,14.802764,0.8142597,0.3671339,3.6716056,-7.108138,-3.3381767,-4.0280066,-2.0482397,-0.90108186,-1.3943865,-3.0776548,-2.9680116,-4.8199844,-0.56754035,-2.7209394,1.340789,-1.4111792,-3.0811994,-3.49335,1.1208857,-1.0005854,0.4677402,-3.9666026,-1.7080051,-4.6756225,-1.0237159,-1.3276457,-4.1154633,-2.372085,-2.1180882,-1.5340267,0.224443,1.391293,3.918376,2.1966248,1.6620936,-0.40503636,3.0573983,2.536146,6.710906,5.5420346,4.892758,2.436675,0.45818773,0.46548104,1.1438478,0.917147,0.7383766,-0.45825922,0.5801607,-1.42232,-0.17049435,0.101208076,-1.0524716,1.0181032,-0.24682103,-1.1466644,-0.24903634,0.44275108,0.87754184,-1.1099639,-0.43173093,-0.66694486,0.89132017,0.9837161,-0.7713089,-1.383155,-0.7237357,0.76508915,0.7421794,0.21376427,1.2216681,-0.10706214,-0.61326826,-1.3287067,-1.703031,-0.6016385,-1.139021,-1.3552823,-0.21027774,-0.22449264,-1.0640016,-0.26606864,-0.88527,-0.72577584,0.095662095,0.03647493,0.69789046,0.54116637,0.46845245,0.0011475966,-0.58399755,-1.105299,-0.33323058,0.11965603,-0.29212967,0.5454001,0.59512055,0.0139938425,-0.11114819,0.6561538,0.4288711,0.26887372,0.1170919,0.9044089,0.30953082,0.22090134,0.49039045,0.4161159,-0.10138457,0.5461084,0.1932355,0.3831384,-0.3451678,-0.4567017,-0.8328633,-0.7367228,0.00788184,0.0045196293,0.55045366,-0.42120373,-0.3192537,buka
-283.37833,97.367256,27.78231,16.815876,10.693146,12.269928,13.56302,-0.3460667,0.72884077,6.167352,-8.51499,-4.1958027,-7.591278,-3.7719867,-1.8939654,-1.2821993,-2.7495096,-3.0023735,-2.3134782,-2.2150238,-1.4297284,2.0857031,-1.408143,-3.155678,-5.182512,0.34196836,-2.95535,1.2546027,-5.2928424,-2.3761575,-5.9740877,-0.013273122,-1.4175678,0.9813542,3.3057687,3.7133503,4.8113704,1.9358068,0.3314656,1.5807439,1.286847,4.629485,3.9859033,5.300247,3.2657592,5.6400537,2.1494136,0.5652997,-1.0343499,-1.145521,-1.1111708,1.9568977,0.122668914,-0.6280748,-1.5028512,-0.4927114,0.20513703,0.07118793,-1.3114611,-2.8429859,-1.2623296,0.7198596,-1.5143437,-0.30741233,-1.180227,-1.6635742,-0.106236696,-0.071377985,0.26499876,1.5264509,0.08170889,0.84604794,0.2849047,0.7872117,0.32721844,-0.10354052,-0.59781593,0.3323091,-0.93442196,-0.8873872,0.57373136,0.005552101,0.26283604,-0.75499594,-0.28665447,-0.2635827,-1.0550158,-0.2836058,0.22394268,0.6564313,-0.15928349,-0.3115334,0.41966176,0.46803695,0.096592106,0.10180152,0.3089826,-0.7105576,-1.08267,-0.12208384,-0.11002605,-0.59625316,-0.30086252,0.50510705,0.66419774,0.3875616,-0.35496455,0.07661963,0.14321238,0.46252418,0.33591285,0.23670334,-0.004612407,-0.42081687,-0.6454774,-0.25493038,-0.26039934,-0.4052879,-0.024710814,-0.7330826,-0.4969848,-0.65396553,0.018848184,-0.15210058,-0.0056535723,0.015505783,-0.24817428,-0.1388244,buka
-266.24216,85.60669,23.615103,13.078889,17.090366,7.4345236,13.054524,5.6643534,-0.18488024,7.10252,-2.772353,-4.228061,-2.4131773,-3.269442,-2.6625383,-3.8160303,-3.5106502,-3.1016603,-3.7822082,-1.8333563,-4.690014,-1.3012192,-3.1703384,-1.1547426,-4.3522296,-0.36069542,-3.25132,1.0400839,-3.3785264,1.1818401,-2.0255833,2.6954823,2.2821484,2.54454,1.3819203,0.3902353,-1.0413098,1.03133,0.34992945,1.6587113,0.30357212,2.599479,1.3313794,4.6531034,2.172127,1.7914549,-2.9180408,-0.8776601,-0.64643544,0.66385627,1.7975987,1.1268182,-1.943098,-1.5805483,-1.2353408,0.5256,-1.429723,-0.5540192,-1.6817647,0.8550492,0.94866097,1.2471124,-0.6841473,-0.9765459,-0.89761096,1.1032115,0.4194778,-0.83518404,-1.0432717,1.1780566,-0.09762618,-0.30827597,0.025914192,-0.078262255,-0.091251165,0.47860596,-0.76235527,-1.3619194,-0.21258809,-0.4025807,-0.7997383,-0.47172916,0.036156237,-0.41395697,-0.031101484,0.41235825,0.5273353,1.1447822,-0.061039496,0.26163766,-0.26823702,0.13874802,0.36664516,0.304722,0.58837664,0.45507002,-0.36386102,-0.6603199,-1.1210974,-0.7364097,-0.3669254,-0.6436702,-0.7411598,0.12497651,0.17819272,0.43621066,-0.14752404,0.08741784,-0.29818594,-0.4353839,0.059000213,0.39637932,-0.15791306,-0.57203144,-0.42114282,-0.21452135,0.26927412,0.031803563,0.0082633095,-0.11711706,0.30651116,-0.024391549,0.0014541406,-0.10670571,-0.25299618,0.03754294,0.18019421,0.2960612,buka
-269.95804,94.10221,26.467083,17.518906,12.993907,7.195715,10.884171,3.72493,2.873156,5.735987,-2.1209447,-5.5749555,-6.9374394,-1.5460508,-0.29461312,-0.560262,-3.448023,-3.1273456,-2.2848783,-1.8745958,-4.0780663,1.643566,-1.8124058,-1.0104659,-3.2956595,-0.684709,-2.3724992,1.0327055,-1.0663167,-0.509787,-2.134936,0.7381997,2.003568,2.3214376,1.8682407,1.281596,-0.44613472,0.9300285,-2.1847794,2.447935,1.4159727,3.7302468,4.2098913,6.6795187,3.128431,1.8209316,-0.6318174,0.033707254,1.1219826,1.7533737,2.0855947,0.0116029885,-1.4591092,-0.20957509,-0.3628266,0.883531,-0.4129006,-0.2509587,-1.3770576,-0.2463183,-0.3509846,0.4996534,-0.8177266,0.25515977,0.7261168,1.4147754,0.62222534,1.6582506,0.060151346,0.7290885,-0.23574317,-0.4155895,-0.32831758,-0.79863125,0.061147206,-0.41456833,-0.88834023,-0.2759241,-0.5643391,-0.84503,-1.8510096,-0.8374836,-0.5840597,-0.25930038,0.55583996,0.18440557,0.33910283,0.17267662,-0.28332373,-0.47501057,-0.07052018,-0.10833112,0.009953451,0.28318495,0.39137825,0.35519564,0.13217723,-0.081179604,-0.13124217,-0.22434439,-0.86784655,-0.9595017,-0.29747865,0.31454706,-0.19727148,-0.2509167,-0.46787822,-0.682162,-0.23450772,0.4633094,0.094411574,-0.21630345,-0.2734033,0.12635493,-0.058350377,-0.2895561,-0.065990604,-0.3698799,-0.30391395,0.043135405,0.15811265,-0.13398886,0.14989805,-0.38167492,-0.34647658,-0.2236958,-0.04943147,-0.30099335,buka
-227.90985,93.408554,21.994167,18.289707,9.089824,9.996235,15.019846,-0.8194478,-0.8491794,6.612975,-1.9939228,-0.90329933,-5.2396603,-1.4555731,-2.222655,-4.62236,-3.084118,-2.8748214,-5.3204165,-2.0567992,-1.1073694,-0.4923203,-2.0299318,-2.2132633,-1.7492554,-1.4045844,0.75521475,3.315292,-4.166107,-0.81212914,-2.8830004,-2.7745337,-2.0877495,-2.6216524,-0.46951896,-1.731183,-2.9418766,0.2479881,0.78701603,1.8446854,0.8080651,1.5624087,-0.9635477,-0.3593666,1.1783148,4.988177,5.8939395,7.2172637,6.08484,4.5721745,2.0710304,0.9090372,-1.0787395,1.9183626,0.90934044,-0.1520506,-0.7729154,0.5235,-1.7164758,0.07055977,0.49007002,-0.14688654,-1.7303004,0.4704894,-1.1060928,0.22444734,-0.5538447,-0.37818888,0.18174097,1.4899342,-0.34306782,0.41117045,0.8138952,-0.73827684,-0.3664576,0.19936238,-0.8623902,-0.22467208,-1.1755557,-0.4020465,-0.85194296,-1.5087903,-1.2338959,-0.45952776,-0.9423624,-0.8034259,-0.14492273,-0.59863174,-1.0403521,0.066427685,0.02379154,-0.29507563,-0.16624033,0.5036297,0.5352422,0.41767693,0.4670062,0.6514646,0.25414294,0.05900832,-0.12720846,-0.18842803,0.24531059,0.46551925,0.22382362,0.4459772,0.1284796,0.054217853,-0.013171512,0.6707935,1.0894729,0.6818191,0.6383224,0.46167713,0.38632664,0.040019296,0.34993774,-0.010066489,-0.14226693,-0.25214776,-0.3355981,-0.20805861,-0.42216474,-0.4279697,-0.077255346,-0.37870666,-0.63105255,0.54464483,buka
-219.93843,92.92692,18.967346,16.047266,10.433351,6.651598,17.583261,0.5344137,-2.744347,6.6263394,-4.544034,-1.8837012,-4.6242,-3.099111,-1.0049286,-0.33646396,-7.6182785,-2.3518286,-4.8831573,-2.1646562,-1.7190284,2.3163772,-2.3481512,-2.8706877,-3.5773404,-1.5593783,-0.14005676,2.6148198,-2.745266,-1.2984188,-1.2732152,-0.6317909,-1.7149328,-0.5841834,-3.4041815,-1.4905679,-5.5475855,-2.1604738,-0.77818036,-0.007144891,2.2926087,2.6775753,1.5983143,0.56724197,-0.11704207,0.75175244,1.2120922,4.5910954,4.752924,5.4231434,4.732505,3.8475869,0.29084715,0.42393646,-0.2479251,-0.0867188,-0.91130143,0.8658223,-0.40066296,-0.7582696,-1.0937717,0.25195965,0.043546356,0.59690505,-0.46124944,-0.38980117,0.54319376,0.791717,0.1829515,1.0361401,-0.81895965,0.08491372,0.26412573,0.23708835,-0.6017068,-0.67118496,-0.46551985,-0.4289557,-0.4107561,0.12923038,-0.5620073,-0.22554332,-0.48421216,-0.4856761,-0.2420168,0.030446343,-1.1584144,-0.048075516,-0.61609733,-1.0979327,-1.3119074,-0.8268151,-0.9327962,-0.46199623,-0.041527417,0.35413688,-0.61144316,-0.3750082,-0.050208904,0.2079243,-0.079877436,-0.31926572,0.056296255,0.8942703,0.9555846,0.7086822,0.11666723,-0.029800085,0.16530952,0.4262958,0.76709807,0.44448394,-0.027786085,0.36559564,0.08677119,0.09376408,0.41886196,-0.013959735,-0.21883719,0.079493396,-0.30935696,-0.3457599,-0.0642586,0.13939954,0.009778885,0.21758498,0.17397584,-0.24926622,buka
-225.04872,95.288025,27.487856,15.378497,11.095508,12.029109,18.962772,0.26637357,-0.48777974,3.1906905,-5.4870806,-1.4557433,-7.517882,-3.4110641,-1.1190261,-3.4913867,-7.289718,-3.4915915,-4.7984247,-2.5763795,-0.8771305,-0.7590046,-1.8994097,-1.5789602,-4.186133,-3.5801976,-1.3249284,-1.9304234,-6.127899,-2.530571,-3.6581233,-3.621147,-5.392735,-2.611023,-4.049746,-3.090301,-2.0985696,2.187224,2.539657,3.5845292,0.55239975,2.2511258,-0.3441049,3.643567,5.3486533,8.218199,7.5510063,5.7435822,3.0910265,2.0105953,0.13577618,0.772819,0.39457467,1.3847013,0.3479237,0.57240874,0.6876348,1.6374398,0.5155041,0.06752383,0.4065015,0.55367035,-1.3623208,-0.52632606,-0.67255145,-0.27377018,-1.3179159,-0.6925966,0.44198772,0.9807919,-0.9682954,-0.49060962,-1.4302806,0.57702357,-0.14009912,0.027022127,-0.23820864,0.014802749,-1.0993187,-1.2207712,-1.7383834,-1.0931293,-1.4067656,-1.3274833,-0.962623,-0.53187424,-0.76398546,-0.5088755,-1.0904204,0.11969121,-0.4167643,0.038010128,0.5171653,0.7199744,0.35031188,-0.15435016,-0.19458006,-0.59240174,-0.37723505,-0.26744822,-0.61312795,-0.8359021,-0.19720848,0.34767103,0.6851901,0.27408248,0.05887245,0.27318886,-0.47883043,-0.35437667,0.33516592,0.6978679,-0.05594876,0.004283307,-0.37275803,-0.021715678,0.3482227,0.19276091,0.19712076,0.19342846,-0.19046427,-0.65831554,-0.41799274,-0.53659856,-0.63604134,-0.085710645,-0.1784707,-0.33719555,buka
-265.96475,99.73099,17.473066,11.617316,8.261444,8.456746,12.720185,-0.4479137,-0.013441555,6.4938087,-5.0441785,-0.81865627,-7.2273016,-5.3830223,0.63947535,-3.0192406,-5.6542435,-2.5140479,-2.7548141,-3.6837695,-3.1694822,2.8672643,-5.8096275,-5.307136,-3.8517394,-2.789516,-3.7973197,-2.1248314,-8.053511,-0.77776724,-7.8209243,-1.1077737,-0.15877941,2.0856035,2.78854,2.5286517,-0.8833821,-1.6992521,-2.2066796,-1.753934,1.3836235,2.9879127,4.5047135,6.7278657,5.113398,3.694596,1.5265888,0.019859497,-1.4361757,0.7702936,2.226326,3.8766901,0.29109713,-0.21069025,-0.35819843,2.2167964,0.6202627,0.6739989,-2.2839005,-0.6694828,0.50865716,0.80365187,-0.4007739,0.05862211,-1.294239,0.68213177,1.2501765,2.0266201,0.73184705,0.76050335,0.45470113,0.87956285,0.20719697,-0.07090131,-0.9351673,0.68312335,0.22156698,-0.9826951,-2.6572888,0.19852968,0.31354308,-0.19593672,-1.5259688,-0.561495,-0.23958784,-0.10534867,-0.59387004,0.8216788,0.20609988,-0.35442457,-0.6583809,-0.14517713,-0.6613383,-0.863964,-0.6664474,-0.39914897,-0.1911369,-1.3319758,-1.5466704,-0.41343448,-0.27224857,-1.193138,-0.5951308,0.34435457,0.3965222,0.15528795,-0.33365315,-0.099738,-1.1631246,-0.91141284,0.05963524,0.10622255,-0.46886763,-0.7007508,0.004760922,-0.89608383,-0.041118566,0.0122211585,0.33938387,0.10129883,-0.22908626,0.3007233,0.17551577,-0.061927024,0.65954983,0.112162545,0.8672287,0.3496446,buka
-274.93784,87.99147,21.93701,13.232484,8.476219,6.754949,14.451928,-2.2037275,-3.3322468,4.21215,-8.546368,-1.4016569,-7.312331,-5.5256524,0.62819177,-2.3814454,-9.576903,-0.86808085,-2.6884081,-2.3526776,-2.7362666,1.0910506,-1.3539256,-4.540259,-6.9837666,0.8815809,-2.5648117,-3.5720785,-5.6610003,-0.81235355,-2.7508848,-2.0003586,1.7353102,3.6471362,2.4116962,2.9811416,-0.43357378,1.4298471,-0.4035845,1.443564,2.0672095,4.064719,3.824379,3.4250975,3.229647,3.0879292,0.8728002,-0.24544893,-2.2189658,-0.3362091,0.8804448,1.983591,-0.6877266,-0.7129614,-2.6512504,-0.07799227,0.08113876,-0.4526551,-2.3235178,-0.66665345,-0.19830795,-0.15019965,-0.7005319,-0.46126422,-1.0142747,1.0459598,1.2928419,0.3608353,0.2774637,0.8116533,0.46653217,1.3337725,0.03678907,-0.758669,-0.35469607,-0.084966235,-0.6055723,-0.67269486,-1.6387901,-0.81791806,-0.7318552,-1.071205,-1.7212751,-0.35232314,-0.18203598,0.25452378,-0.061936386,1.0460639,0.80183953,0.18178524,-1.01233,-0.5843686,0.29065868,-0.58010095,0.25724182,0.83136266,0.31918925,-0.7377295,-0.5214764,0.6596542,-0.5138291,-1.1516187,-0.0060925833,0.929763,0.25079417,-0.028171634,0.47619346,-0.3468631,-0.36753628,0.2780186,0.2922034,-0.35115412,-0.28255907,-0.25502837,-0.16456114,-0.10046274,-0.0037410003,0.27479,-0.17370042,0.16887856,0.3585162,0.23961386,-0.026753126,0.54275966,0.58422613,0.26309106,0.18122406,0.10280605,buka
-251.37415,115.64155,12.600406,3.2145324,-1.5433298,-2.4772663,3.2461698,-8.130982,-2.7800965,2.8856578,-7.3831286,-0.2216522,-6.666773,-4.7973876,-4.8119397,-2.0519526,-6.669955,-5.0447974,-2.2961984,-0.1850338,-4.9876785,3.6722136,-4.2156916,-6.668635,-6.9644165,-2.5768793,-4.98608,-1.1001863,-6.0377307,0.26006034,-3.9542654,-1.6792991,-2.3645258,-2.9532285,-0.23157866,3.0158756,2.7269611,3.4336004,1.6334668,5.02668,5.3357806,4.1515203,1.5263633,5.120221,6.1898746,5.3568826,2.8996973,0.99742115,-3.5356739,0.11162708,-0.33591738,1.3933656,-1.1428832,-2.8116815,-2.2296405,0.84213006,0.8459462,1.2825114,-1.3903328,0.26459643,-0.27566037,1.1265175,-0.77585447,-1.0842156,-1.5667336,-0.8854353,-0.81286925,-0.7778391,-1.7244197,-0.034444444,0.13350886,0.6133586,-0.7679343,0.44681686,-0.40227556,0.7521423,1.3988798,1.9543953,-0.3398501,-0.7204345,-0.23387378,-0.10858545,-0.57470924,-0.9208582,-0.77171546,-0.45298028,0.19120984,0.59800106,1.4260142,0.2148051,-0.7528578,-1.2447387,0.15412119,-0.25638598,-0.22371492,0.61897177,0.45913732,-0.8185287,-0.8657291,-0.11288879,0.09168059,-0.02993758,0.5281058,0.9156353,0.79964304,0.31660163,-0.064406425,0.40567827,0.07940166,-0.24745184,-0.3947013,-0.34055603,-0.4664982,-0.4689184,0.2431426,-0.5308715,-0.6953617,0.21396756,0.28904632,0.0025573145,0.0045287004,0.3984181,0.31902197,0.23413078,0.39651117,0.5927381,0.66061175,-0.19890448,buka
-260.7599,96.55982,15.97962,6.39639,11.0363035,6.8091583,13.192103,-4.488077,-0.34667948,7.255013,-5.8043637,-0.3404396,-3.1936924,-3.758489,-3.5788076,-1.389522,-6.2256117,-2.8348427,-4.6797833,-2.41828,0.69982445,-0.59465694,-1.0426668,-1.9556334,-5.190441,-1.8529555,-2.171457,0.21306768,-7.122952,-2.6103551,-3.538597,-2.6663854,-1.650887,2.8804886,2.889009,4.5971828,2.0014317,2.2380981,-2.2185872,-0.735042,0.5321398,4.4650106,3.608527,5.054934,5.1351824,4.6017213,1.7707479,1.9204427,-1.2715342,-0.38381022,0.4156077,0.98439,-0.3532478,-0.9999635,-1.9937824,0.7347107,0.5245384,0.25381288,-3.6533875,-2.095787,-0.03023562,0.8664103,-1.0437181,-0.84497195,-2.2580462,-0.13866758,0.8057991,1.2317684,0.56074655,1.9368975,1.378087,1.4388497,-0.09416744,0.6386143,-0.3394855,-0.9215661,-0.28154543,-0.58831406,-1.0735699,-0.8010228,-0.6230209,-1.3063115,-1.2854762,-0.7725464,-0.61589557,-0.5248076,0.6404026,0.33649918,-0.20191813,-0.83634686,-0.40818593,0.5800609,0.34282848,0.20195308,1.0336574,0.5178337,-0.4641534,-0.6944525,-0.27188537,-0.4073065,-0.31726718,-0.2349776,0.25693145,0.8757216,0.6249218,0.84720916,-0.4352816,-0.25686893,-0.25101975,0.4362602,0.5923393,-0.24966773,0.13356562,-0.10422303,-0.21483494,-0.57065403,-0.7087256,-0.53069174,-0.1447376,-0.003017895,0.21643221,0.17870736,-0.06054579,-0.11620715,-0.49299586,-0.23796885,0.4205809,-0.261834,buka
-255.86617,89.243515,22.762064,9.596029,10.927643,7.344412,11.334789,0.29224104,-1.258835,8.7238455,-2.3817914,-4.115844,-6.7452006,-4.9340034,-2.831174,-4.2663717,-6.6429577,-2.2240639,-5.1283274,-1.430989,-3.5913935,1.2479149,-2.9608135,-3.4085531,-5.1596494,-0.2314171,-1.2179401,-0.6776769,-5.4023666,1.7349283,-1.0370957,1.3160273,3.6569662,2.894311,0.8944184,1.5448853,0.89598626,-0.3484161,-1.0005472,1.0880852,2.1240845,3.754501,1.830976,4.308021,3.652088,3.5926895,0.9873116,0.18358871,-1.0083239,-0.652717,-0.01546322,0.8395444,-0.8218076,-0.0348732,-0.99012274,-0.90740687,-1.5630845,-0.20078894,-1.5138489,-1.2177812,-1.5052558,-0.12663767,0.4448411,1.3500489,-0.61887807,0.25417775,0.022395464,1.2501128,-0.11080106,0.44747585,-0.13523477,1.1692251,0.37883282,-0.12808204,-0.24675275,-0.57484514,-1.1002929,-0.3518687,-1.3023564,-1.0200757,-0.81775755,0.57106286,-0.78585243,-0.54975486,-0.34536588,-0.7730172,-0.62973183,-0.106156394,1.2333434,0.87847185,0.1414483,0.19118224,0.14357263,0.2455609,0.31001496,0.39227268,-0.21236514,0.7511387,0.3418022,0.2933158,-0.4115487,-0.24472351,0.15953556,0.023917425,0.51706254,0.20520961,-0.2968686,0.03570506,-0.41474658,-0.15480329,0.45312878,-0.36733535,-0.62276727,-0.50928915,-0.56510895,0.31489706,-0.02831688,-0.4531136,-0.27949873,0.1294171,0.04430746,-0.15945075,-0.14837714,-0.18900265,-0.20929594,0.38845167,0.22814786,0.28135854,buka
-269.37115,89.825554,15.188777,11.491985,12.376435,8.033537,10.274985,0.1802736,-1.0288675,8.079314,-5.404909,-4.6976614,-7.118792,-3.4914565,-1.305147,-3.1618738,-4.36838,-4.03965,-1.5095742,-3.1776352,-4.0604587,0.9971588,-4.9962053,-4.537781,-5.1972017,-1.8773803,-2.4030957,1.5463302,-4.064022,3.0670974,-2.5985518,3.9583158,2.442167,1.9478601,2.0764852,1.1429999,1.1608336,-1.6232929,-0.6013857,0.101344705,1.2848237,2.7705607,2.4870195,3.6326115,2.6986651,4.1040177,0.2639149,0.32082352,-0.974288,-2.7305136,-0.9833892,-0.069559775,-1.3332441,-0.4783763,-1.7691826,-1.1166685,-0.6418777,0.08819305,-2.5783908,-0.35032195,0.22697356,1.5734833,0.5234335,1.0167112,0.57299644,0.0005616188,-0.61128885,0.75759,0.07263078,0.29831737,0.19110416,1.0058924,0.7261546,0.70341057,-0.5016515,-0.043096002,-0.8749294,-0.6690367,-1.0835903,-0.73131096,-0.5393598,-0.026562503,-0.9806567,-0.43276387,-0.6302344,0.5157585,0.21512672,-0.56382,0.5002296,1.3888215,0.6149206,0.37923253,0.8115376,0.9122928,0.6492668,-0.11277913,0.536698,-0.41178772,-0.56305516,-0.010399954,-0.61242527,-0.70005256,-0.17627528,0.62013894,0.49681994,-0.26909512,-0.5584394,-0.5101678,-0.45750076,-0.43081972,-0.5133145,-0.17661361,-0.83317447,-0.35643244,0.08807493,-0.012537516,-0.29699895,0.13883257,0.19213997,0.32552907,0.2204054,0.23689908,0.15377277,-0.31524336,-0.22967774,0.1337764,0.027187608,-0.12523457,buka
-281.2554,86.076675,32.686825,13.586292,13.991538,8.400675,9.205331,3.3380802,-0.13786668,4.991439,-8.610606,-5.0000787,-5.4810367,-3.2498055,-1.5539393,-0.16379456,-1.6437789,-2.02118,-3.784461,-2.422436,-2.9060047,0.56677663,0.21960203,-1.812139,-3.0965407,-2.4494736,-3.5632572,-0.1728739,-4.0067806,-1.3883764,-4.3392015,-1.7453154,-2.6525788,-0.94921064,1.2315555,3.1762838,5.410456,4.614419,1.6934649,2.7048526,0.09485522,1.4447397,-0.6919802,2.8126853,1.7701952,2.5926986,0.70305824,1.6569922,0.5056079,0.32977197,1.0343721,0.8984431,0.3099255,1.1628993,-0.3118155,-0.96384424,-1.1773825,0.668544,-0.8939513,-1.1401459,-2.9413435,-0.8710697,-0.75239,-0.4343235,-0.5446616,0.039862003,0.07298484,0.32777932,0.45806772,0.2872594,1.1019092,3.0870175,1.4499763,1.8134172,0.5904599,0.070103884,-0.5542051,-0.9145141,-0.7929133,-0.46932268,-0.7178339,-0.8782213,-1.1985005,-0.6817691,-0.7488682,-0.4753295,-0.7188068,-0.9316211,-0.78642154,0.34773195,0.3279606,-0.18991457,-0.56307805,-0.13838382,0.24257593,-0.5064265,-0.048144016,-0.18773882,-0.98681253,-0.7625289,-0.16387264,-0.4064588,-0.25788698,-0.050168253,0.48081312,0.1051735,0.34250882,0.08224157,-0.23799191,0.6857916,1.1359038,0.51379514,0.5075869,0.49596992,0.398825,0.43514422,-0.070871934,-0.27091497,0.10153282,0.41929927,-0.1557252,-0.9304547,-0.038244665,0.08042996,-0.10735432,0.29854763,0.41827,-0.34506813,buka
-254.70883,94.574066,27.016554,14.20047,12.710247,10.406461,9.83758,3.1705248,1.4602618,6.262821,-8.459092,-5.88597,-6.5382247,-4.3014374,-1.2962339,0.24980211,-4.181642,-3.4101355,-4.6562448,-5.81191,-2.8048384,0.8489285,1.4662793,-4.975429,-5.8629284,-1.8225409,-5.8297153,-0.08056574,-3.326594,-2.7898216,-4.0034547,-4.2974515,-1.4122161,0.740953,3.3688436,5.5113606,4.643211,4.693224,-0.91915,0.50484276,0.06315412,3.1971986,2.6663935,2.6636424,0.73004407,0.83042383,1.5432355,2.555116,2.2391093,-0.25347376,0.106541954,0.037552,0.46009937,0.57111996,-2.2288523,-0.7021285,-1.097264,-0.18585919,-2.7418585,-0.52226657,-2.3703792,0.21307799,-1.0527164,-1.348622,-2.2904124,-0.6926805,-0.14220643,0.5792578,0.7276375,2.1120324,3.4577003,2.888525,0.64076954,2.147733,0.30923316,-0.8904345,0.14959647,0.39309403,-0.21057844,-1.2278898,-0.96963656,0.8278082,-0.028566204,-0.8054514,-0.5978077,-0.8222654,-1.0671383,-1.0238154,-0.6953719,-0.6323564,-1.1179936,-0.78172916,-1.319532,-0.31176022,-0.7155799,-0.15369084,-0.39916155,-0.67978483,-0.524932,-0.46644732,-0.42671892,-0.39226365,0.5526911,1.1587481,1.0304692,1.1953242,0.7936282,-0.12785347,0.71338713,1.0288535,0.47647437,0.3607065,0.2589673,0.297499,0.052752864,0.77368957,0.39867255,-0.31924638,-0.4798909,-0.57034373,-0.6338738,-0.7093657,-0.5241135,-0.45603922,0.3772123,-0.38248372,-0.3740721,0.36781615,buka
-273.2159,91.20021,24.205606,13.047427,10.531708,10.485915,14.231741,-1.8392105,-0.42834964,7.3366084,-5.670106,-1.7740741,-5.8158727,-5.7142825,-2.0419073,-3.9314811,-2.42302,-2.8152382,-2.6259515,-4.1933823,-3.1402407,-0.34846115,-3.9466486,-2.9175096,-6.182286,-0.69276315,-2.2268295,1.0595318,-5.7965593,0.8780001,-1.0303533,-0.23637164,4.317381,3.6650333,2.8105538,1.4344805,-0.79663163,-0.53541076,-0.5780602,2.169425,-0.8859918,3.4420671,0.973084,2.3549423,3.0280917,4.6985865,0.6094307,0.68556947,-0.8794983,-0.051804192,0.09046099,0.07163682,-1.532584,0.22371748,-1.0743015,-1.0320896,-1.7498711,0.77084327,-2.2495413,-0.34127185,-1.4963951,-0.37527457,-0.677491,1.0945959,0.22249034,0.15348846,0.7977873,1.6210685,0.7021877,0.81371033,-0.004520666,0.48871243,-0.362898,-0.45318845,-0.3626911,-0.18844971,-0.9292122,-0.8337541,-0.8828142,-1.4704058,-1.0037888,-0.44958836,-0.32402503,-0.007127287,-0.6484493,-0.82573855,-0.8761472,-0.09413541,-0.4301013,0.38439745,-0.28812927,0.65179247,0.7709089,-0.056919523,0.20307916,0.67521304,0.42644072,0.27354065,0.26158485,-0.16334799,-0.942951,0.16318682,0.12893897,0.23884322,-0.012795664,-0.036511052,-0.88030696,-0.13043927,0.61673045,-0.1126039,0.38509429,0.02110992,-0.2567127,-0.57849157,-0.21419877,0.1334589,0.29840404,-0.33416328,0.016739164,0.14138694,0.19831407,0.03970807,0.19272566,0.012108931,-0.05499182,0.58202285,0.2447723,0.09110037,buka
-298.9995,80.18553,32.82002,17.09479,14.031806,8.821302,14.8206005,5.316262,0.67674434,3.6889658,-4.5696745,-2.863394,-1.7352467,-2.4795969,-0.9075316,-1.8389864,-0.9812506,-0.31952223,-5.057871,-2.6683757,-2.1015522,-2.5098913,-4.0131283,-1.6589508,-3.6238177,-0.8848252,-1.7978358,0.30486953,-2.7155657,3.1582592,-0.4790578,2.8359396,4.4205384,3.3269613,0.71809965,1.006997,-1.2613375,1.2737596,2.2203107,2.475295,-1.0689888,1.7190901,-1.3597041,1.6752615,0.6624003,1.1395651,0.37576103,0.6727662,0.62535125,2.2876568,0.7395606,-0.65176654,-0.9140742,-0.21905307,-0.8276942,0.21828985,-0.8677665,0.13692048,-1.0344326,-0.58533823,-1.4732716,1.4010339,1.2084179,0.053678885,-0.16714765,0.5786297,0.03903521,0.4034661,0.511676,0.75375366,0.15275055,0.713729,-0.17126195,0.4505075,-0.39266548,-0.6725256,-0.37988132,-0.61855435,-1.2103336,-1.551493,-0.6419358,-0.1753801,0.0055784187,-0.48647496,-0.40800288,-0.030864885,-0.5192104,0.15489714,0.19297722,0.5338589,0.22824712,0.48504737,0.14068644,0.6393036,0.69980544,0.30490154,-0.5481354,-0.19652967,-0.9208322,-0.62310886,-0.39545032,-0.3726439,-0.5684774,0.40884998,0.26217225,-0.109370835,-0.27804634,-0.71434015,-0.45552406,0.07030379,0.27402145,-0.15474574,-0.67534775,-0.4437105,0.22463983,-0.027048565,-0.13036425,0.10479864,0.08533195,0.2031296,-0.1520086,-0.5395441,-0.43133655,-0.11429236,-0.43543696,0.08446332,0.14435233,-0.7461658,buka
-257.23325,84.881805,30.643633,18.78467,11.822734,7.47148,14.087709,3.361089,-1.7366034,5.0626917,-3.8064535,-1.9756104,-4.9911566,-3.217624,-0.857488,-2.1339347,-1.6801474,-0.21262263,-3.8266425,-1.159409,-1.9440317,-0.32551828,-3.115689,-1.5309054,-2.332273,-0.55105895,-1.8167484,0.7968314,-2.536741,0.757134,-2.2301805,-1.5512484,-0.6667539,-2.7364743,-1.8618402,-0.1253522,-0.40699586,1.6117183,1.2625995,1.8870414,0.53447616,2.6538897,0.14408682,3.6186574,1.4365935,3.006399,2.3460732,1.8820156,0.8458866,0.82116026,0.70376855,0.73430294,-1.5463825,0.3014021,-0.6313568,0.13624196,-0.37690243,-0.1968846,-1.5607535,-0.8449706,-0.8273082,0.8442885,-0.09876173,0.86231303,0.25661668,0.6296671,-0.09924484,-0.115569755,-0.31536248,0.30390477,0.20537193,0.5716573,-0.073725395,0.25015745,0.103361644,0.5599788,0.5636785,0.0026279304,-0.31941107,-0.72251,-0.5292329,-0.38656554,-0.114388466,-0.35740003,-0.034748472,-0.036640264,-0.49857834,-0.40152475,-0.5020485,0.1063976,0.10787186,0.4174575,0.6133715,0.73772305,0.4595698,-0.08824545,0.37213448,-0.08752861,-0.74358344,-0.4300226,-0.40720788,-0.49825552,0.3974096,0.9855085,0.31605107,-0.20931177,-0.027562937,-0.3905417,-0.022809887,0.4251946,0.5971919,0.35298526,-0.37524986,0.26524043,0.06561316,0.05601466,-0.37530673,-0.08043686,-0.1698472,-0.27803022,-0.40245214,-0.37806898,-0.6401528,0.3413414,0.20610811,0.08907831,-0.24947909,0.0861672,buka
-213.87596,96.66105,26.89015,14.029435,12.070115,9.911567,14.076203,0.99784124,0.8414825,7.281807,-5.8653164,0.5864633,-5.1735644,-6.3081684,-2.5810814,-2.9156625,-1.4361196,-2.1355946,-4.724164,-1.6515732,-2.425466,-0.39549252,-2.245542,-0.84525776,-3.7922182,-2.0135353,-3.5795028,2.0107179,-2.748712,1.293327,-2.8319004,-3.1317935,-3.08497,-2.2609856,-1.8682534,-3.3273358,-2.8319068,-1.8107346,-3.6661406,-3.0839787,-1.8717457,2.570232,1.5898243,5.7334433,3.5791357,3.7256377,2.2704096,2.7629867,3.9740047,4.1928577,6.4047384,3.8188138,1.6010396,0.19479027,-0.5751507,0.5555815,-1.8710768,0.6568162,0.23052727,-0.50569725,-0.6712799,0.06452712,-0.6124171,1.0578496,-0.5374892,1.4299418,-0.40026063,-0.0665216,-0.69029653,1.0611593,-0.8185482,0.7661221,-0.71383584,-0.42960972,-1.0995983,-0.6226948,-1.3919882,-0.9889187,-0.2891504,-0.8384031,-1.6795906,-1.2529901,-0.05968278,0.060415633,0.46414444,1.2026024,-0.36907881,0.031134833,-0.6525184,-0.22063774,-0.223183,0.52166677,-0.073499456,0.40988365,0.24741736,-0.01451877,0.07859395,0.1754488,-0.23515703,-0.10447841,-0.7719305,0.2752148,1.0797235,0.41150331,1.0740756,0.41525528,-0.09474397,-0.06328117,0.33660936,0.5275031,0.6450978,0.2330524,-0.18596828,-0.01883963,-0.11843799,0.24492788,0.21314776,0.44406798,-0.12866102,0.064670235,0.22846927,-0.543116,-0.0773132,0.17784491,-0.03800974,0.10154974,-0.14460534,-0.21470428,buka
-177.80893,84.82088,23.91496,14.934006,9.667524,8.635697,14.037513,0.6864528,2.727474,1.9457877,-2.4654937,-0.002982675,-8.965085,-5.783968,-3.933254,-4.072271,-2.6219285,-0.0692254,-4.1009846,-1.8860373,-3.3987954,0.523828,-2.4759874,-0.58503693,-2.466315,0.90239173,-2.135102,1.5091847,-3.1401076,-0.2932206,-3.2063646,-0.579775,-2.5633426,-3.7209735,-2.6338017,-2.6193235,-3.267846,-0.33384606,-0.7308169,2.3983052,2.1174579,3.9856877,1.6672001,1.5755926,-0.21186785,3.4472427,2.8736696,4.793447,3.632884,2.3356142,2.7456229,2.3382232,-0.184114,1.1129104,-1.5147938,0.34468734,-0.56599545,-0.6963151,-1.943145,-1.908535,-1.398618,0.22038086,-1.0598489,-0.28398404,-1.044585,0.21122244,0.13509835,0.30377552,-0.5471138,-0.2469964,-0.1454619,1.3778919,0.40582675,0.5839999,-0.59899735,-0.4476276,-0.49291676,0.08967903,0.6391357,1.3645594,0.7652892,0.5083667,-0.27139142,-0.6328999,0.19140422,0.69132316,-0.7484546,-0.31172094,-1.0528264,-0.6531104,-0.49662998,0.37466785,0.0053530363,-0.28716913,-0.7077993,-0.19537956,0.16066496,-0.18543719,0.52323836,-0.17597996,0.29323098,-0.17207348,0.02041886,0.25366995,0.21099216,0.08794925,0.066063605,0.33125925,0.7415235,0.87213016,0.71467716,0.0962601,-0.2353722,0.51747674,0.5900636,-0.028743614,-0.06746059,-0.072950944,-0.63227266,-0.59895116,-0.4112409,-0.32356295,-0.8743668,-0.5538885,-0.39491177,-0.7376292,-0.032888178,0.06967207,buka
-238.9321,93.07976,21.238222,16.716812,10.051317,10.170378,10.785288,2.0080843,0.57110935,6.5304008,-7.1180544,-3.7773972,-6.1445265,-3.7808454,-2.5209808,-1.6597478,0.5951306,-2.5914986,-5.796218,-2.910543,-0.58420205,-2.0103483,-0.25078905,0.7419588,-3.8737311,-3.5051367,-5.4526844,-0.7654709,-4.6988564,0.72446084,-3.6172464,-3.8091135,-5.7240777,-3.4302175,0.9999249,0.9639742,2.4881876,5.2106614,1.6993644,1.3722744,0.21096478,1.8146656,0.45367807,2.309333,1.4172462,1.5626793,0.19910714,1.2469363,1.976539,0.5037674,0.61689276,0.3344998,0.24479558,2.523773,-0.74753547,2.0102253,-0.84330064,-0.34012723,-1.3638598,0.113830715,-1.0910225,-1.479915,-1.2075615,0.22396751,-0.35349855,-0.76309896,0.094580226,-0.014081489,0.061593782,0.27837119,0.45096335,1.471311,1.7600052,1.764272,0.31009617,0.45403314,-0.21167016,-0.9130987,0.08101098,-0.5821174,-1.2087929,-0.22648606,-0.47476673,-0.20449051,0.00011986219,0.2553339,-0.4058759,-0.8793197,-1.0404922,0.68571776,-0.05339905,0.06938368,-0.20426607,0.26235297,-0.04186165,0.26907703,0.45471817,-0.1711858,-0.42687497,-0.46178055,0.330825,-0.41483408,-0.059327785,0.11195686,0.47163495,0.16786647,0.24851394,0.5921728,-0.015919887,0.18857075,0.11760914,0.16280213,0.09835157,0.2989546,0.19770752,-0.06480984,-0.3147716,-0.21720561,-0.23505448,-0.11684795,0.0070378706,-0.52696574,-0.38946345,0.23738776,-0.46080938,-0.02538144,0.03337388,0.067991845,buka
-194.64072,89.043495,22.3909,13.998698,14.93843,12.198108,13.555067,0.67205966,-0.40001935,5.1757283,-2.189046,0.9866685,-5.874598,-3.2751021,-2.7799137,-3.032878,0.52108216,-2.6479225,-4.7721453,-2.1645331,-3.0736642,-0.58732736,-2.516645,0.07712308,-2.8430617,-2.5166621,-2.5741684,1.5169058,-3.1833725,1.8263236,-1.4620874,-0.19388233,-1.2159408,-3.942834,-1.5778909,-2.4821677,-2.9579873,-0.86964756,-2.3594065,-1.7569519,-2.26341,1.020986,-0.42679086,3.3473554,3.587007,6.1199384,2.9480393,3.8929427,3.4848413,2.7209923,4.4046507,3.2411208,3.9698448,2.8743706,-0.55198246,0.47470933,-0.4339862,-0.18523861,-0.42591766,0.072936274,-1.6029778,-0.5795957,-1.494592,-0.069531046,-0.5422081,0.32950556,-0.5062599,-0.50608,-0.6929573,0.5803852,-0.12203849,0.5354583,-1.3758793,0.8743014,-0.50543517,-0.5074073,-0.86546254,-1.2792141,-1.504443,-1.5662923,-1.7100255,-0.7636073,-1.073832,-1.1154394,-0.2735723,-0.42551208,-1.3394101,-0.10809643,-0.11191983,0.050000273,-0.6808823,0.18556023,0.026018662,1.5035572,0.650012,0.6146355,-0.08261283,-0.8146893,-1.1694895,-0.40967414,-0.18295279,-0.54045177,0.75271034,-0.2839085,0.5041751,1.033247,0.8295376,-0.4084113,-0.5084721,0.38602036,0.8317725,0.72584695,0.32756066,0.6106489,-0.05302873,-0.80775,-0.11053923,0.17446706,-0.21013066,-0.4923892,-0.68161964,-0.26606816,0.021826847,0.18772294,0.0713476,-0.24373879,-0.06419214,-0.23312989,buka
-179.65207,96.29495,26.44544,16.093586,14.942622,11.750196,16.092142,-1.0773681,-1.920256,4.209168,-6.1799593,-0.18802366,-2.8155923,-3.4719229,-2.1265333,-3.9429054,1.3438395,-0.84182876,-3.0342445,-0.29872766,-2.1238854,-0.1496077,-3.8439949,-0.038204767,-3.6110175,-1.8089764,-3.037706,2.6552677,-2.4508486,3.1347504,-0.10641803,0.7053362,0.8325975,-1.830812,-2.0033317,-1.7148438,-3.4116669,-1.4677132,-2.5288012,-2.752981,-2.6223986,0.054397702,-1.6762328,0.58740395,-0.78278846,3.1324632,3.4669902,5.6047373,3.6063602,4.012102,4.180939,4.92966,4.4687357,2.933082,-0.8861123,-1.2847825,-0.94796044,0.3435374,0.6583519,0.46309102,-2.185581,-3.0348437,-1.9958252,0.4769532,0.4479385,-0.7330546,-1.7176367,-0.72191525,0.76496285,0.71426266,-0.08518174,0.22185838,-0.77980757,1.9761854,1.2273997,-0.063393086,-1.3853598,-1.1417896,-0.5510216,-0.035863567,-1.021138,-0.7150838,-0.15660301,-0.39188638,-0.13927244,-0.28651372,-1.4960389,-0.6416084,-0.6944724,-0.22973028,-0.32706603,0.6398101,0.5297353,0.3926796,-0.05083567,-0.6049358,-0.600666,-0.8219384,-1.1277229,-0.6820457,-0.035505615,1.2325698,1.0946801,0.85228354,1.6262443,0.6862146,-0.06250409,-0.059544615,-0.1700164,0.043789655,0.21064979,0.20029986,0.097451724,0.2270896,0.2804564,0.18982957,0.70794064,0.34994397,-0.4568987,0.082047656,0.5777807,-0.4213789,-0.96853894,-0.5239304,-0.024917455,-0.052566905,-0.23935986,-0.046214703,buka
-197.32529,95.444145,25.619198,10.135075,14.640022,11.490543,15.737357,-2.3179333,-1.6177429,6.574134,-7.465505,0.16438764,-4.301568,-4.085101,-3.6071718,-4.8990645,-0.13894174,-1.7973284,-4.5502877,0.97891134,-4.136924,-2.479912,-3.3325691,-1.2933224,-5.197583,-2.0354347,-2.2027192,0.08095489,-3.6367204,1.4578526,-2.414408,-0.40014178,-0.47469053,-1.6540481,-1.3050951,-3.5479622,-3.915318,-2.9246628,-3.3263779,-2.8293405,-1.102171,0.09643633,-3.3997998,0.7876364,-1.8925409,2.52759,2.1977053,5.2583494,4.742207,4.8560586,4.474432,3.4800632,4.334108,4.9788885,2.4432988,1.9137315,-0.93833464,-1.1856912,-0.3308816,-0.02852522,-0.49907115,0.016938588,-0.9204798,-0.32986113,0.1286358,2.3056705,-0.047738418,-0.6676849,-1.352499,0.84133065,0.44055727,0.7700418,-0.6919845,-0.019131098,-0.66079503,-0.04064278,0.0006380741,-0.69907814,-1.1767803,0.4751429,-0.6722117,-1.2286216,-1.7192745,-1.8689202,-0.027808893,0.44366273,-0.7231722,-0.6167119,-0.95773643,-0.6027149,-0.6795944,0.1720945,-0.67594385,0.4787018,0.14379172,-0.08362951,0.17378975,-0.17103577,-0.611811,-0.5504583,-0.95634776,-0.28682396,0.7319926,0.09348783,0.5802043,0.70866716,0.6981618,0.148512,0.5577002,1.134012,0.64470243,0.6422693,-0.3628357,0.21238028,0.0107509615,-0.4037665,0.14245869,-0.1863828,-0.2438162,-0.28660262,-0.5855089,-0.34047753,-0.29521134,-0.0009005253,-0.09631469,-0.21825035,-0.1560979,-0.107104786,buka
-196.24779,94.71938,23.441004,15.431723,11.696911,9.657907,17.57237,-2.1747656,-3.1857145,1.8225187,-5.4279227,3.74404,-5.1244597,-5.383678,-1.5113991,-3.6991944,-2.8077161,0.3153133,-3.177183,-1.1025888,-4.3219934,0.34577882,-4.850063,-2.882151,-6.1227565,0.8165705,-4.966626,1.3041393,-1.5213281,-0.82208604,-1.7767594,-1.507461,-0.893106,-2.6209197,-4.0603204,-1.0724838,-3.1145003,-1.0783386,-2.1296856,-0.9100346,-3.3479786,-0.9095984,-0.4202342,2.3124452,3.2695928,4.776423,5.2021327,2.249546,1.819344,2.7856612,3.2848778,5.931178,3.1015182,3.9236834,0.30330944,-0.7382178,0.07003692,1.7755014,-0.9242795,-0.9129922,-1.6939417,-1.1208717,0.12460082,1.6043526,-0.08759628,0.47316074,-1.0524819,1.4892346,-0.12648143,0.7653654,0.25554314,0.5517742,0.8914604,0.4263812,0.17861499,0.22764088,-0.73635733,-1.1082968,-1.1853241,0.020293845,0.49582788,0.17566723,-0.4875112,-1.136845,-0.33928406,-0.36578655,-0.80457884,-0.4118821,1.5168084,0.49105665,-0.20214643,-0.04936937,-0.7695082,0.24752033,-0.40931824,-0.23371403,-0.5429744,-0.7426163,-0.46836138,-0.29296488,0.5875565,0.65650636,0.786367,0.5904766,0.9161241,0.74203974,0.3803892,-0.37905866,7.501749e-05,0.28284696,0.015484604,0.5257315,0.07539657,0.044625368,0.18102406,0.12627687,0.48899564,0.3785593,-0.10131126,-0.047047846,0.13344073,0.12687592,-0.32724866,0.19251187,0.34846517,-0.13072486,-0.027212216,0.51918936,buka
-192.3373,98.320305,16.335194,11.902785,13.324059,8.176474,20.504759,-1.8272576,-4.8410673,9.435033,-7.626118,-0.9359786,-4.79721,-4.2622857,-2.0961266,-5.393277,2.518577,-1.9228724,-5.582431,0.058567237,-2.4253678,0.8937825,-5.2036138,0.73035914,-5.3476872,-1.8286258,-2.5341737,2.9693484,-4.727402,1.8266344,0.11897346,-0.6154919,1.2911512,-3.4045506,-1.1205485,-3.5107706,-3.2874985,-1.3323762,-2.3399382,-2.5482867,-3.013201,0.93339247,-1.8753054,3.065065,2.165326,6.5650034,4.7533045,6.7341847,7.603661,6.2122912,8.977308,6.9039726,1.80361,1.8947649,-2.6256409,0.0037694455,1.4669096,-0.26561788,0.069678195,-0.85881233,-1.8649067,1.7389976,0.8914765,0.73510104,-2.569226,-0.7343245,-0.33133787,3.2502785,0.25761738,0.21777841,-1.5014663,0.31667244,1.158138,0.50055313,-1.226252,-1.9574462,-0.51215935,0.7964602,-0.9408221,-1.1808041,-1.5379797,-0.44407055,-0.9215731,-1.6568857,-1.392373,-0.9748445,-0.7720768,-0.1992089,-0.20373648,-0.5465707,-0.04662934,-0.1258558,-1.185521,-1.0436006,-0.90423673,-0.8032531,-0.9310805,0.14276347,0.8446462,0.27061102,0.1122677,0.28524777,1.0251423,1.5097146,0.8277991,0.4855127,0.15148546,0.37431893,0.7860787,0.6325656,0.57189804,0.262067,-0.23222488,-0.21470462,-0.27181628,-0.70205665,-0.1211955,-0.4671977,-0.33114913,-0.37550426,-0.27673087,-0.098887324,0.35030624,0.091609776,-0.3812667,0.17001094,0.30193496,-0.52924407,buka
-208.84515,86.05286,21.830187,12.489098,15.050575,9.768839,12.258498,0.51341945,-4.67941,8.560566,-2.6593099,-3.5437617,-4.133819,-1.4518285,-0.41284084,-3.5362961,-1.1902503,-2.0622807,-3.8814542,-1.5671389,-0.38150284,1.5283678,-1.6788534,-0.810873,-2.6995964,-0.121036865,-1.2554482,1.2301908,-3.5213084,1.0404044,-4.0118203,-0.15210302,1.8842946,2.6976082,3.3053718,2.738688,1.58201,1.9467874,-0.18474467,0.3632566,-0.2860864,2.8282626,0.14648141,5.14935,3.1289113,5.278891,2.6433525,2.7038772,-0.8565863,0.4739555,0.36383352,1.2671044,-0.13470474,0.9943317,-0.5822563,-0.20137309,-0.093574174,-0.6387697,-1.3012991,0.7992077,-1.3471497,0.2235323,0.41799244,0.07032237,0.56532305,0.1623068,-0.35012534,1.4655294,0.39313203,0.84000474,0.23995651,1.1633562,0.23404326,0.5869777,0.08910864,-0.2123539,-0.4819604,-1.051065,-1.314446,-0.56382805,-1.1990552,-0.7474505,-0.4970065,-0.2522539,-0.37606296,-0.061247163,-1.1701713,-1.4194922,-0.597209,0.14090756,0.2515895,0.26840302,0.4389546,0.61290556,0.46730113,0.4983518,-0.24041532,-0.11547652,-0.124100156,-0.48497844,-0.46778417,-0.37043732,0.0722658,0.41299164,0.43904987,0.88398784,-0.13480753,-0.7792044,0.6189631,0.6772333,-0.16025884,-0.16533184,-0.1990466,0.01829761,0.37091118,0.35100666,0.124285094,-0.002462554,-0.0463959,-0.26167163,0.08523246,0.09143996,-0.20125,0.20211443,-0.07521494,0.27889264,0.16963342,-0.49687842,buka
-192.0442,103.519295,18.439152,21.396,13.238337,7.0923915,13.53831,-2.4601755,-3.2407243,12.920742,-5.557576,0.5418575,-5.9578795,-4.378618,0.7048394,-2.4300632,0.67228425,1.7472829,-3.9567318,-1.6416085,1.2951671,0.59046626,1.489484,1.5051731,-3.0351238,-0.0067828326,-3.1640413,1.0391197,-3.6265683,3.266788,-0.9048261,-2.0637631,-1.9100881,-4.235456,-1.6103084,-0.7531823,2.4779737,6.202742,6.6299787,6.4908414,2.9987948,2.0773604,-1.3600461,0.2570319,0.93166643,6.9081254,6.614608,8.463631,5.621515,4.661499,2.1697686,-0.012124678,-1.8735667,-0.655793,-0.9995271,0.09709182,0.37311944,-2.9672196,-2.267637,1.6143012,0.88989854,-0.0376099,-3.0154223,-2.7436507,-1.1252089,1.3394767,-0.50628966,0.23397607,-2.3878944,-0.72249,0.2415983,-0.86988354,-1.4130032,-0.11344207,-0.1566861,2.1563606,1.176254,-0.29101023,-1.3529191,-0.3145614,0.29860634,-0.94742364,-2.1271276,-1.1063007,-0.021532366,-0.5984882,-1.5778795,-0.5126436,0.1328983,-0.2945927,-2.1404855,-0.75617146,0.0033034352,0.645974,0.5541646,0.70760137,0.8463341,-0.19600274,-0.3610041,0.007935891,0.20621158,-0.7286979,-0.05374758,0.24394622,0.8431657,0.56152624,0.3410052,0.017893685,0.09266366,0.29887116,-0.61127067,0.2536448,-0.07523019,0.3332028,0.26849166,0.6337058,-0.07085116,-0.97035503,-0.78210354,-0.6913467,-1.2885281,-1.0943782,-0.19443905,-0.7896211,-0.39106312,-0.12598132,-0.35594392,-0.3844997,buka
-189.98024,98.088356,15.559798,13.68565,6.476148,8.781786,20.20926,-5.954628,-1.5169408,5.5703464,-6.514416,-0.69759774,-8.991079,-4.678379,-3.3504286,-4.586894,-0.3461127,-0.91021776,-8.094829,-4.6766,-0.5962064,-0.035047174,-0.18939206,-0.32238472,-1.2499539,-0.788988,-2.0451293,1.4207449,-4.4063945,1.3330209,-2.855705,-2.988683,-2.8845854,-2.9071102,-3.7173238,-3.9064865,-4.1441593,-1.797017,-2.531428,-1.7928686,-0.4938409,4.6514964,2.6122663,3.8858066,1.5944773,4.398758,3.7780216,6.8962994,6.740234,6.470106,3.1390026,1.1682872,-1.6347178,1.4316354,0.29437715,0.06407904,-0.16085672,-1.0065535,-2.7064762,1.6348366,0.13961712,-0.44864324,-0.08937489,-0.66171706,-1.2814391,0.8393953,-0.60335904,1.0762283,-0.70041305,-0.6569846,0.38876444,0.16969968,-0.76429904,-0.42967367,-1.0640459,-0.04776393,-0.6045662,-1.1494954,-1.5799866,-0.58572143,-0.32588914,0.33246422,-0.736397,-0.46363935,0.20914726,-0.2772597,-0.6091094,-1.3206025,-0.3697741,-0.08890053,-0.5417553,-0.50306123,-0.62815636,0.48399788,0.489559,0.7954562,1.3032553,0.4329593,0.34682018,-0.41898113,-0.06713782,0.35799783,0.09730318,0.5680096,0.8296687,0.09519942,-0.07754731,-0.08190796,-0.2318556,0.7677231,0.7715671,0.62751687,0.1244215,0.53667945,0.04805502,0.46043244,0.12905796,-0.38054886,-0.0464971,0.15068024,0.007684825,-0.23692401,0.119261704,0.01775751,-0.08277673,-0.0743696,-0.17008865,0.33056277,buka
-196.2411,92.21053,23.637993,15.59463,13.997577,13.524557,12.495503,-1.0600369,-0.37002662,3.4735994,-6.5199323,-2.370837,-5.786792,-2.2236104,-1.8718832,-2.8119175,-0.39008245,-0.703381,-6.907723,-2.8145518,-1.840198,-0.7715696,-1.4958129,-0.019775042,-1.0526732,-0.44735184,-3.8224177,0.34751108,-4.6390357,-2.222617,-2.3381436,-0.027023176,-2.1090128,-2.149251,-2.8919673,-2.4403772,-1.636437,1.8485602,1.894379,4.7889657,1.2850081,2.5996313,-1.054882,0.31848416,0.52623117,2.078903,2.5572193,5.716792,5.795625,5.5439167,3.4451783,1.0356946,-1.456055,-0.37676594,0.4840975,1.4669888,0.4637787,-1.4566667,-3.7195323,-0.38508853,0.43351626,1.0527482,-0.7998885,-1.9756416,-1.397552,1.00786,-0.21380676,0.31559035,-1.2261733,0.096355684,0.9372928,0.518085,-0.6168281,0.011601041,-0.4953032,0.7253391,0.7014114,-0.3193633,-0.7184399,0.11774635,-0.44952607,-0.64532864,-0.08571028,-1.3089331,-0.13820171,-0.19457635,-0.9784925,-1.3063796,-0.18754014,0.043618273,-0.77027214,-0.5374069,-0.080818616,0.5325932,0.3919355,0.001908416,0.060983345,0.27822185,0.33814108,-0.25573343,-0.30995947,-0.7367826,0.2324312,0.5522719,0.80529964,-0.053471744,-0.017010463,-0.46827066,-0.114208356,0.9088421,1.1186537,0.79612446,0.563975,0.1609177,0.07937348,0.004963963,-0.5725215,0.034021083,-0.67550176,-0.68667,-0.39676178,-0.7202066,-0.5333797,0.2650209,-0.27272984,-0.5836228,-0.21691953,0.13684927,buka
-258.97806,91.89025,25.852625,13.036194,8.342131,8.285537,14.722303,2.5817714,-1.2756094,6.6024547,-6.8372526,-1.2691967,-8.985075,-8.163808,1.4481283,-5.2127404,-2.0490527,-3.6478534,0.1588077,-6.776991,-2.273674,8.29031,-2.3645203,-4.596612,-2.8392231,-2.2837682,-3.714368,-1.3852959,-6.315551,-1.8153876,-6.550761,-2.4451613,-1.5871422,0.7132835,1.6294888,2.8299108,2.637992,3.951561,1.590149,3.5497644,2.686048,7.6529093,6.355752,4.729995,3.047642,1.016878,-4.0456505,-0.89789397,-1.3162818,0.09756165,0.23391287,-1.8366534,-2.4995959,-0.16101637,-1.1237131,-1.3943266,-1.6699457,-2.0518346,-1.5244554,-1.3955684,-0.5250076,-0.63034904,-3.0570674,-1.082025,-0.65820366,-0.24601497,-0.63847905,-0.25106502,-0.029415196,1.3781773,1.3339121,0.41432294,0.35290533,1.2156044,0.55411536,0.39395285,-0.7566363,-0.40588436,0.13886634,-0.63089174,-0.5873662,-0.1375076,0.881992,1.0037102,2.0103195,1.0641261,1.4440143,0.7798347,-0.4568927,-0.88985854,-0.85034466,0.2916467,-0.97182417,0.5487381,0.18547913,-0.15171419,-0.9935282,0.031910677,-0.15688004,0.07397624,-1.132443,-0.15388441,-0.04549198,0.09671509,1.0294623,0.00081162085,-0.20039837,-0.8439506,0.040571097,0.37353438,0.9142462,0.30080742,-0.11553371,-0.6628692,-0.76974994,-0.59098536,-0.5377697,-0.51026064,-0.85227126,-0.69308627,0.14581974,-0.37636858,-0.04789029,0.21286075,-0.6716934,0.13024966,0.32452685,-0.9361895,buka
-228.68352,95.61694,35.087738,16.675505,13.821206,9.506301,10.265012,3.039636,-2.2055485,6.051511,-7.660302,-3.5751724,-9.188796,-7.4624653,-0.9540186,-3.709172,-3.3555076,-3.4461467,-3.2174318,-6.243106,-4.422167,6.554868,-1.088463,-4.263719,-2.0188806,-2.3016336,-5.8535213,-0.7424081,-7.7787776,-1.2401801,-8.095922,-3.8709435,-2.277975,-1.2999287,-0.10439975,5.061741,4.854744,0.90432155,1.9035248,0.09358903,-0.3568899,3.6457167,5.8369627,6.4702773,8.128221,7.345809,2.6145895,1.6552436,-2.6606874,-0.08995762,1.0319511,0.11014537,-1.3800504,-0.7642508,-2.6906269,-0.4860266,-0.18195112,-1.4234533,-2.801617,-4.3685036,-0.47709548,1.0992006,-0.6478725,-0.89724874,-1.8011724,-0.67529655,1.0749203,1.8416584,1.2821006,0.5474187,1.390774,1.8989592,0.9078951,-0.025721036,0.28629595,1.1507049,0.18888427,-0.42203295,-1.9706343,-0.7708703,-0.21563572,-0.23730591,-0.9162488,-0.83332884,0.58930945,-0.7125806,0.023890465,0.41261068,1.9913594,1.3180311,-1.1584877,0.21247107,0.18563972,0.0158837,0.7586969,-0.08190284,-0.39807293,-1.2621228,-0.75075215,0.22431749,-0.25847048,0.18032928,0.16104074,0.96085966,0.6796374,0.6236875,0.5693492,0.45404667,0.2737567,-0.49076998,0.41139868,0.2953697,0.06927522,-0.14829461,0.40973684,-0.28710496,-0.35897866,0.55239946,-0.07297325,-0.37043625,0.32271376,0.33081597,-0.26896816,0.8401078,0.3366874,0.08902801,0.21534555,-0.007681685,buka
-210.48117,90.28362,22.746906,14.282684,8.492292,12.075658,9.847185,0.14579278,-0.60601443,7.312437,-4.5627413,-1.4930987,-5.63342,-5.926211,-2.032542,-4.6308923,-1.5319529,-4.2850018,-1.0470953,-4.4312983,-2.5506525,6.3742776,-6.464889,-3.2062285,1.9502677,-2.975135,0.3379323,-0.09633098,-6.215042,-1.0536692,-6.225919,-1.7780794,-1.722639,-1.644119,-3.5654163,-1.0799521,-3.2499948,-2.949397,2.2462158,1.8769475,3.5431814,5.0742607,1.5257165,2.9302247,7.2762995,7.458671,6.729444,5.429152,-1.3582898,0.011278123,-2.3925438,2.252783,0.81453735,-0.11331814,-2.5315502,-1.8196657,-1.4002001,2.2551897,-0.015755827,-2.5033617,-0.27227286,-1.2198498,-1.0741032,0.975133,-2.2199175,-0.7107358,-1.1972688,1.1475719,0.56950754,1.2374341,0.22629489,-0.027846064,-0.08143041,-0.29215768,0.350974,-0.8392249,0.19175768,0.20421612,-0.6278861,1.0124773,-1.6351455,0.66094965,-0.065191075,-0.5866159,-0.7610572,0.038360942,-0.37718463,-0.76744395,0.02574507,0.12900265,1.2750465,1.3589454,-0.14972776,0.79860276,0.88088214,0.014585531,-0.45876068,0.1593593,0.17874537,-0.8884037,-0.80479693,0.23903768,0.16979371,0.62102455,0.6212394,0.59185386,0.18183161,0.336493,-0.01259978,0.56010944,0.4706363,0.15073618,0.055260513,0.20367806,-0.32891494,0.41385365,0.27842134,0.18168192,-0.56655365,0.10110141,0.13330607,0.20375872,0.24948372,0.004914812,0.040377397,-0.34914055,-0.02193806,-0.14073841,buka
-204.44096,106.674385,24.246428,11.94664,7.3330526,10.240485,11.222451,2.356422,-1.0538354,7.0101504,-12.038698,-5.4309945,-7.7640486,-8.315846,-1.2755189,-3.62154,-2.5979755,-3.7510767,-2.900566,-4.1858544,-3.7836843,8.665466,-4.100639,-5.0036263,0.7595584,-5.1640277,-3.3603032,-0.9101153,-6.2276936,-1.2795136,-4.4678187,-4.3257337,-2.931823,-2.2927003,-6.31381,0.52072155,0.47789982,1.8959304,9.126809,7.0149674,2.0750077,1.9178815,-1.411657,0.38030878,6.8509116,7.623517,7.203936,6.8381243,0.19452566,4.0912867,-0.4802943,0.8953568,-2.3765583,-0.041971263,-1.6481065,1.6255302,-0.5014139,-1.4053241,-1.7402797,-1.4500248,1.8114963,0.74353975,-3.7262895,-0.2979211,-2.048515,-0.07453331,-2.4672751,-0.22495393,0.68574846,1.1804149,-0.60670733,-2.3365245,-0.9583631,-0.5471211,2.294825,2.017374,1.3947686,2.158982,-0.7210912,-0.47188365,-2.0733385,0.65895927,-1.0808706,0.3836988,-0.010088807,-0.39426664,0.21320088,-0.5631474,1.1131637,-0.0005199909,-0.59952486,0.055892218,0.24615839,1.0279288,0.6939129,0.73223025,0.254153,-0.34515676,-0.45841137,0.18203244,0.41436657,-0.3884547,-0.0059741973,1.1564211,1.2112445,1.1672632,0.22142695,0.2680093,-0.1632461,0.46539432,0.87559265,0.32859913,-0.3387862,-0.005781225,-0.2564334,-0.41778278,-0.017952772,0.19780211,-0.7198375,-0.5804977,-0.76760155,-1.0135529,-0.33586907,0.12222681,0.5865345,-0.46169132,0.043084007,-0.30878076,buka
-287.92987,94.477135,28.441858,16.104563,12.227047,11.255912,9.174182,2.2801495,-0.6843171,6.7689514,-7.482915,-7.493278,-6.140191,-7.4455905,-0.40340748,-1.8196387,-2.6238782,-4.5666738,-2.4525063,-6.2507505,-2.7646124,4.4526515,-4.6406946,-4.3027086,-0.12927957,-5.913604,-2.1674707,-0.34150952,-5.56001,-1.5591576,-6.1410837,-3.7062707,-2.3741722,1.884157,2.75713,7.3132815,2.8232338,2.1039104,-1.1497083,-1.2422028,-1.6755487,2.3368192,1.8085765,2.9146924,6.525861,6.8893056,4.750559,3.7835238,-0.38848802,-0.93735754,-2.5630212,2.0658774,-0.1763148,0.06323902,-2.9150195,-0.93338525,-0.19408895,0.9789693,-2.03025,-2.816061,-1.3287557,-0.033030905,-0.8234291,-0.26913112,-2.399927,0.39999184,-0.0044911457,2.3708234,2.066232,1.3524258,1.3230987,0.84366876,0.97380865,1.531593,0.63653314,-0.34310508,-0.22432593,0.67480046,-0.6654265,-0.35423392,-1.1023432,0.5052086,-1.5091183,-1.1120754,-0.28138125,-0.4837782,-0.522192,-0.8839354,0.34104225,0.6892826,0.45759568,0.13081896,-0.131298,0.22453354,0.46643665,-0.032040443,0.39606762,-0.24519087,-0.07421956,0.061040252,-0.24435501,0.3523329,0.4983248,0.8393109,0.8151064,0.6471388,0.064283215,1.0040526,0.6922547,0.40305677,0.8797592,0.5405383,-0.13246712,0.039478093,0.24186143,0.32782972,-0.12660933,-0.0026569348,-0.038740475,0.04253171,-0.06700779,-0.15003835,-0.03267914,0.029102197,-0.3437664,-0.43215513,-0.035445027,-0.280038,buka
-240.95944,93.44227,27.966722,17.606787,13.314923,10.783053,10.056689,0.9872818,2.4679992,6.1624975,-8.092125,-2.8052816,-4.860729,-8.503673,-2.2100966,-2.4676862,-3.1026235,-4.3387504,-2.21797,-4.2433968,-5.2402697,7.648274,-2.2156324,-3.046039,0.09440558,-3.978366,-3.3789256,0.24130751,-8.783356,-1.4402752,-4.8650937,-4.8004,-4.4692674,-0.96038276,-3.197631,3.2148666,2.6308858,2.7469919,2.2730627,0.03255251,-1.1525639,3.7492313,4.562124,6.0897975,7.7114587,4.454615,0.8010685,0.16172351,-0.542297,1.2605236,1.4872776,1.489452,-1.7759825,-0.04727067,-0.64387697,0.3285924,-1.2320967,-0.3135486,-0.6409898,-0.6509985,-0.91165656,0.7136486,-2.0311353,0.5193236,-2.6850224,0.049553327,-0.37866357,0.82672304,0.17612043,-1.0783178,-0.1910821,1.076294,1.7298784,-0.03689614,1.1989682,0.59879863,-0.8817582,-0.6296574,-1.6077306,0.6859469,0.13929202,-0.70642245,-1.5675197,0.28042614,-0.07600384,0.016632836,0.9849648,0.889794,1.736834,0.91276973,0.78126925,-0.25075203,0.11856442,0.062205095,0.65108466,-0.3361601,-0.23282573,-0.05247038,-0.8203887,0.2450708,0.05639198,0.13012008,0.008186454,0.46953598,0.8500408,0.16685991,-0.21531597,0.16658932,-0.3019272,-0.6231452,0.057826523,0.48502794,-0.11118353,0.28996742,0.17225999,-1.061664,-0.7123367,0.6053272,-0.37002188,-0.4719642,-0.61078966,-0.53785205,-0.23583615,0.06714416,0.17861319,0.16391556,0.57662034,0.12883356,buka
-243.51526,88.51288,25.089123,12.485905,16.448458,11.025952,14.925049,0.9456574,-1.0300126,2.8328798,-7.3759985,-0.79572636,-2.2480185,-4.5954685,2.418054,2.2659047,-4.6477437,-1.0159425,-1.9986994,-4.4837637,-3.2489989,-0.88936543,-1.9567508,0.03703466,-3.383686,-4.1427965,-1.882069,-0.899523,-3.6805809,1.0298314,-5.0920067,-1.5754608,-3.8544817,2.4357321,0.77021813,0.68635124,0.35179648,1.9135829,1.8673521,0.67349225,-0.25603876,-0.38768697,-1.8387455,1.5620652,2.080303,6.4208136,2.9082932,5.749715,2.193125,0.5322844,-1.4062498,-0.22918342,0.67985785,1.5940285,-1.1070802,-0.41602042,-2.1533258,-0.050149415,-0.41117603,0.14831428,-1.0397403,-0.11019538,-0.17587337,0.8171594,0.6185749,-0.922185,-0.85008985,0.10123247,0.3975899,1.9828869,1.415973,1.212739,0.08603987,1.037604,0.478049,-1.0107714,0.13424227,-0.054967385,-0.08198933,-0.8556912,-1.9744946,-0.9531131,-0.26130864,-0.6647762,-0.8474092,-1.1319811,-0.5662139,-0.8318168,-0.62245977,0.8021062,0.7288744,1.7602518,1.2168545,0.59584385,1.5934021,0.4079423,-0.93641365,0.17358284,0.24643856,0.120630115,-0.64014494,-0.28706118,0.5674332,0.2105048,-0.13895288,0.28150743,0.16483353,-0.045737613,-0.39381185,0.8174143,0.6138002,0.23498563,0.011078607,0.20533812,0.4172281,-0.76765823,0.01215433,0.29402652,0.27945742,-0.0497064,-0.10581843,-0.30894744,-0.9493114,-0.74504876,-0.15117437,-0.12715158,-0.12831827,0.14234746,buka
-200.93185,91.56481,29.990658,14.72478,14.585164,8.152879,15.020242,3.216482,-2.926528,-0.47454458,-6.553795,0.4592815,-6.8997874,-2.9365976,1.9068224,-0.46425295,-7.668658,-0.7995518,-2.2377405,-4.507444,-2.2723017,2.7427685,-2.9711647,-1.4595114,-4.0036216,-0.29421756,-1.96218,2.0164607,-0.77759624,1.3206488,-5.617447,-1.899809,-2.995488,1.8521843,-1.7975326,-2.9335184,-3.3602521,-2.3132274,-0.33381242,1.0204731,2.5136893,2.6148126,2.5343063,2.115797,0.5075957,2.9321342,1.4641087,5.5057354,5.0087147,5.503046,3.1850703,1.1101679,-1.7613801,0.14516173,-0.21197942,0.90034044,-0.15026985,-1.1629027,-0.3086272,-1.549374,0.2750995,0.77196354,-1.4731973,0.49471822,-0.57729596,-0.71605396,-0.64836043,1.3729545,-0.40962234,-0.490927,0.30716884,0.31250647,0.21439831,0.21092612,-0.86971104,-0.45580637,0.44136757,0.47197494,-1.6312025,-0.21042718,-0.33503437,1.1943133,0.66563606,-0.86345935,-0.17534134,-0.5345117,-0.90582466,-0.3907849,-0.25571588,-0.3676216,-1.1112545,0.004217876,0.44825685,0.21199632,0.53427446,0.9250504,-0.13735664,-0.018545056,-0.028542621,0.3590791,-0.040175635,-0.46644717,0.0024772938,0.039841328,0.37121478,-0.08187269,0.15347989,0.92513245,0.2774092,0.3089341,0.64178056,0.50791717,0.5553454,0.30146384,0.42699814,-0.049163684,0.24185738,0.3154444,-0.44422042,-0.05655932,-0.47961354,-0.21623075,-0.09963648,-0.46448258,0.17791188,-0.09254275,-0.09432053,-0.79642653,buka
-220.84862,90.12478,33.4156,13.628091,15.149681,12.556633,14.056594,4.5578046,-0.57399803,0.47882932,-7.816011,-2.271492,-5.171581,-1.0510705,0.8800062,-1.6397742,-4.495123,0.8725609,-5.706556,-1.8449868,-1.3633219,-0.77295125,0.37125218,-0.20435958,-2.519751,-0.69129914,-3.9574144,-0.20140564,-1.145337,-0.6844025,-4.9270005,-3.0481417,-3.6068056,-0.13183932,-2.7082148,-2.2492833,-3.4254868,-0.2320908,0.15317781,3.3260953,1.6434932,0.5756383,-0.1807387,2.3818436,2.8137279,3.4772346,3.65389,5.4268475,4.207238,5.239243,2.5701022,2.7273176,-1.4701431,-0.17552413,0.33962366,0.663325,-0.63381094,-0.17411697,-2.7569962,-1.5464888,-0.26047882,0.84310836,-0.77031326,-0.086710386,-0.98385775,-0.5729691,-0.7086891,0.10905339,-1.4748335,-0.38390082,0.8363585,0.39805743,-1.0284545,-0.51063967,-1.0447996,-0.3660062,0.5234165,0.3630926,-0.41427308,-0.66127986,0.039563533,-0.0578192,-0.7400734,-1.0783821,-1.0669677,-0.7110651,-0.98819965,-0.66475844,-0.100731924,0.10669362,-0.30147603,-0.06842226,-0.6193447,-0.1414626,0.0012504504,-0.16792084,0.3888046,0.4914723,0.3045243,-0.031071663,-0.42888168,-0.1543014,-0.2736117,0.41004086,0.2435319,0.4368162,-0.6185016,-0.14761722,0.47298124,0.63556343,0.36248013,0.21467197,-0.13083957,0.32748333,0.6153595,0.34286958,0.008770106,-0.15165542,-0.35582113,-0.7177851,-0.4128408,-0.52894205,-0.0826619,-0.7543817,-0.61264604,0.40206656,0.16905765,0.43033513,buka
-200.67604,97.14454,22.550142,16.578175,12.959334,9.484904,15.566952,2.9637768,-1.3668078,2.5302098,-7.176504,-0.7013592,-2.37414,-2.304717,0.649403,-0.40555838,-4.1693335,0.28745082,-4.5218954,-4.06773,-2.7028732,-1.8484459,-1.1189495,-0.78905946,-4.8001223,-0.6210299,-3.435804,0.48197496,1.003874,-1.7547076,-5.453403,-3.016225,-2.238007,1.1345894,-3.362243,-3.2280326,-5.4131126,-1.1908838,-0.48965517,3.2455208,4.3664627,3.776769,2.3714364,3.089673,2.4862747,3.6367574,5.5966363,6.4919024,5.2762227,2.2270098,-0.12785141,-0.17931128,-0.5342056,0.7214284,1.0711602,-0.116157,-2.2234547,-1.7131071,-2.1376598,-1.2959315,-1.3353504,1.3644514,-1.1494362,-0.47716898,0.307202,0.21687564,-0.32980075,-0.18332845,-1.5140156,-0.043201983,0.9310392,0.6406101,-0.34689775,0.008190316,-0.6021266,0.06553331,-0.012100549,-1.5846773,-0.15074727,0.9060859,0.10557041,-0.23580651,-0.84502584,0.12902325,-0.1052917,-0.8510335,-1.3455641,0.033009384,-0.2949583,-0.49310514,0.20126459,1.0256404,0.81789076,0.5305923,0.5392872,0.9277842,0.45943546,0.6547029,-0.27874872,0.3260486,0.17336382,-0.35148397,0.12146281,0.5394144,0.37957522,0.6901046,0.29912362,0.384072,0.11211231,0.5966114,0.34943974,0.2681913,0.85777354,0.60124606,0.3195335,0.5523019,0.67535114,0.68755734,-0.05852953,-0.5958226,-0.7834304,-0.67334515,-0.38709068,-0.13550222,-0.5195942,-0.26606902,-0.052093886,0.020339202,buka
-285.72824,96.45947,24.397102,17.494066,10.790747,7.9812717,12.144047,3.902727,-0.7158569,4.855055,-9.523872,-5.2760425,0.4302551,-7.20033,-4.1319737,0.8390447,-0.09338659,-3.9407697,-1.2107574,-3.2827375,-7.4904017,2.1006362,-0.5156662,-1.5486757,-4.8062654,-4.941261,-2.5931106,0.46473446,-3.0612226,-2.2083943,-6.186107,-2.8431385,-1.3325229,3.0172272,1.974549,2.6895638,1.4587581,2.3878207,2.90493,3.5959604,3.8624177,4.1836405,4.9922843,3.8146667,0.3057792,1.0056233,-1.3148941,0.72253865,-0.4143894,0.82216555,-1.0847311,-1.1870877,-2.3797376,-0.90235454,-0.6837777,0.052070383,-2.1665,-1.614782,-3.1871262,-0.9725499,-0.7467758,-1.2846012,-2.2922163,-1.069407,0.35691118,0.75320625,-0.04164776,0.27985993,1.3368146,2.2964098,0.38441277,-0.1615731,-0.120426714,1.2603992,0.36975014,0.216096,0.35532308,0.19868045,-0.23666085,-0.8254368,-2.00898,0.38328627,-0.27127287,0.5250472,0.67633015,0.6279824,1.0333401,0.4438611,-0.6780626,0.54532266,0.47132263,-0.33372802,-0.5282424,0.23119079,-0.27275485,-0.4192463,-0.734396,0.6434585,0.25744954,0.15207535,-0.54161143,0.44117063,-0.061384518,0.26875594,0.41722035,0.1778442,-0.75549805,-0.37275466,0.28669214,0.30663204,0.6826302,0.08293162,-0.039501604,-0.18254057,0.12033185,-0.4694128,-0.105992116,-0.53294617,-0.6124966,-0.11064041,-0.031950656,-0.36912206,-0.41013137,-0.16537896,-0.39928183,-0.55767053,-0.6823965,-0.38411647,buka
-299.69434,93.15471,27.349617,16.727356,14.949588,10.46848,13.5722,8.531781,-0.02964528,0.4412848,-7.637302,-3.0814545,1.4277331,-4.6382146,-2.9470165,2.005934,-3.9062788,-2.353918,-0.606682,-5.807724,-5.8252106,1.2128115,-1.248772,-2.5541875,-4.573502,-3.140381,-3.7317562,2.0601928,-3.160395,-0.69303703,-3.4216793,-0.69649965,0.5344729,2.6403465,0.37219918,0.8482932,1.5466956,1.3122836,0.12978399,0.84710944,0.013130267,1.8722734,1.5643555,4.203195,2.8927355,2.1244307,-0.3409157,-0.7854224,-1.8540822,-0.69831336,0.16370803,0.79305583,-1.3961499,-1.0856946,-1.7504994,-0.7703218,-1.1109128,-1.1992761,-3.1798065,-2.1608117,-1.4948584,0.0351595,-1.0745656,-0.2591298,-1.1426598,0.5678691,0.52268726,2.057513,0.8446152,0.56914854,0.5333099,1.6866827,1.1527027,0.49020734,0.3626834,0.24288179,-0.5455213,-0.290555,-0.6540619,-0.3712724,-0.5534615,-0.24834345,-0.64881295,-0.28334236,-0.60282576,-0.13609365,0.32476902,1.1750104,0.55168563,0.77651393,0.030264681,0.6988028,0.34993714,0.01662839,-0.08691776,-0.13790925,0.13378716,-0.3510919,-0.68889105,0.09421849,0.09969129,-0.19255723,-0.026011327,0.32983533,0.069543615,0.4648467,-0.23586586,0.10735196,-0.25554633,0.11892233,-0.08110532,-0.14293213,-0.24839093,0.0014248261,0.61792314,-0.072927795,-0.0113579165,0.3863706,-0.10301787,-0.08218982,-0.49233693,-0.19707967,-0.18938023,-0.26368237,0.17475168,0.03803133,-0.1274242,0.33798194,buka
-233.23239,90.47531,29.546808,17.845242,11.113911,10.076368,12.145969,4.1384444,3.6368542,5.294876,-9.847809,-6.1561217,-2.2622666,-1.6256227,-5.429733,2.365848,1.9045955,-2.9282155,-1.5577278,-0.34580648,-5.958197,-0.9634074,-0.2877689,-0.20598775,-2.419104,-3.7673395,-4.773706,1.8985382,-4.333912,-0.5386168,-5.6518426,-0.9766547,-5.80454,-0.030860329,-0.60597104,-0.24028993,4.325969,5.834301,5.161409,3.2708368,-0.10280466,-1.1996696,-1.1335994,1.7026753,2.433321,4.3300934,1.7928536,5.1098614,2.60703,2.2414894,-0.48495534,-0.6445683,-2.426384,0.6194538,1.4246962,0.11273286,-3.406572,-1.5302627,-1.5733422,0.98970747,-1.0106902,-0.16524409,-2.159962,0.14008129,-0.63563836,-1.1691937,-0.92646396,-0.83247095,-1.236497,0.067829706,-0.07203489,0.3199265,1.4885448,1.737978,1.375988,1.702157,-0.18918675,-1.3012373,-0.17547737,0.5260707,-0.695977,-1.9071373,-2.0132935,-1.2033411,0.06894181,-0.50525177,-0.031880297,-0.13508955,-0.7649981,-0.57492304,0.029860485,1.0100964,0.37758493,0.9607946,0.5721874,0.51894504,0.4904974,-0.19844073,-0.49055305,-0.19585119,-0.13326801,0.35466087,-0.16651678,0.68884486,0.7769237,0.8172777,0.018566247,0.53660655,0.2805727,0.19878557,0.7990084,0.37910536,-0.1413596,-0.1363691,-0.01784283,-0.113429524,-0.47154436,-0.2966394,-0.04664248,-0.51375604,-0.037822668,-1.0332592,-0.58806425,-0.64247257,-0.5162833,-0.40892515,-0.31097135,-0.10065675,buka
-271.5594,94.248405,22.764582,16.041824,8.925542,9.793418,16.573498,4.193475,2.68814,7.3086414,-8.734209,-9.574662,-5.243479,-4.1733384,-4.2318053,-0.9851498,1.6733323,-4.229676,-1.2793823,-4.8015394,-3.6158075,3.581932,-1.3458551,-1.5555325,-2.0796468,-5.6998982,-5.785206,-0.3882507,-2.0388782,-0.4547617,-5.6281304,-3.280682,-6.2815256,-0.93988657,-1.9881594,1.365674,4.1295037,8.574567,9.478755,6.301767,3.1893582,-0.98135,1.3695236,2.0023656,2.7211232,1.6254978,-1.8177508,1.2793854,0.24727766,2.3138814,0.81834835,0.54268104,-4.412708,0.6121805,1.1400874,-1.686091,-1.5036905,-0.7319054,-1.6580003,0.41453367,-1.1420634,-1.5643687,-2.2028284,-0.18144254,-0.98497117,-0.7261413,-0.3494223,-0.21035312,0.038162556,0.17415832,-0.5052602,1.332914,1.8951238,1.6785787,0.66718537,2.2181149,0.3186649,0.34115106,-0.15933903,1.5319294,0.17919849,0.61534005,0.5342203,-0.16177216,0.18400007,0.8690565,0.57971203,0.2257944,-1.1872823,0.114616,0.9678256,1.0829985,-0.5314368,0.29912734,-0.6073362,0.18763131,0.44624728,-0.13004495,-0.46235627,-0.08909604,0.4077501,0.42245394,0.16410956,0.19841957,0.32175848,0.45104235,0.5201968,1.0959828,0.26818162,-0.09255867,0.24093352,0.41217846,-0.70827335,-0.4484567,-0.18942705,-0.45761162,-0.49385154,-0.538558,-0.6065782,-0.5077954,-0.16930024,-0.06326516,-0.16836134,0.24521552,-0.49519446,0.06370567,0.29237783,0.32983732,buka
-237.66513,84.72386,24.738935,12.274195,16.427544,9.022214,12.776104,2.028334,0.9282533,5.618355,-4.6050186,-3.6165342,-2.5774515,-1.7933068,-4.6351204,-1.7286068,-0.13655701,-3.395852,-2.6523085,-0.54570204,-5.4957423,-0.8584734,-1.9277482,-0.47275776,-4.0278993,-1.8663588,-2.467515,1.8226379,-2.338822,1.4626309,-2.822294,0.55828094,-1.956527,1.8383956,-0.7713989,-0.060918517,-0.2671925,1.9038745,2.4002886,2.8530624,1.4494991,0.44975597,-2.0008378,-1.2876744,-1.4009504,0.532041,-2.003962,1.1568807,-0.18922126,1.1444929,0.20564356,2.3075728,0.6459362,2.8832743,0.85626733,1.4183882,-1.3087596,-0.15458426,-1.296705,0.7559814,-0.5788749,0.12787564,-0.5844844,0.8896546,0.2263722,0.7721662,0.5114614,0.8067509,0.58727485,1.1724879,1.0538563,1.5715951,1.091242,0.9779112,-0.34502608,0.29210362,0.46157146,0.34386304,-0.6090669,-0.08966656,-0.8072453,0.776124,-0.13176766,-0.054974083,0.71192706,0.40264073,-0.013398702,-0.23112005,0.22998646,0.72819513,0.5035363,0.6767625,-0.1960303,0.59991693,-0.1148619,0.37969175,0.31366724,0.23136063,0.17447026,0.25328827,-0.46832526,-1.0055057,-0.71052,-0.067761004,0.13178638,0.04544818,-0.48441646,0.035946693,-0.033997875,0.753887,0.46485382,0.29564595,-0.11142062,-0.09679031,-0.20734875,0.13305888,-0.22927359,-0.14311773,-0.35192025,-0.009450977,-0.31626227,-0.45729494,-0.55369496,-0.35171786,0.07137656,-0.3903132,0.2905708,0.081983685,buka
-246.43654,91.533676,24.948017,11.060048,13.220459,11.736676,13.686127,5.280847,2.440549,4.2445526,-4.6464486,-2.9238203,-1.3007789,-3.2659874,-5.2671914,-1.182407,1.9397724,-2.85606,-2.7771068,-2.33182,-8.553613,0.36873755,-1.6936892,-0.102233835,-4.1567445,-4.80762,-3.7011633,0.7835679,-2.9707925,0.11701536,-3.9366019,0.37067717,-1.7255539,1.1575015,-1.4654646,-1.4398736,-0.843417,0.5776678,0.36245933,1.5629121,0.51925874,3.5613587,1.242077,3.549766,1.9263206,1.7487311,-1.8849697,2.2925696,1.749009,3.453018,1.9375173,1.3105354,-2.2697644,0.36183193,-0.36579573,-0.2591211,-1.0275438,-0.79415566,-1.9105937,-1.1374304,-0.93965596,0.76550424,-0.60404396,-0.25339666,-0.17013793,0.34632885,0.23201884,0.40675893,0.3219861,0.5678638,0.2835179,1.4931985,1.2956516,1.16392,0.59684515,1.06891,-0.22982846,-0.09430809,-0.6353513,0.20745674,-0.6968872,-0.7529448,-0.64802295,-0.18443252,0.18827476,0.046388455,0.5925467,0.61440825,-0.03594926,0.2325157,-0.13173372,0.32367554,-0.15594177,0.2752618,0.6119156,0.82525826,0.48779267,-0.2433354,-0.19332191,0.33633646,-0.74559724,-0.45579252,-0.31202707,-0.046338297,0.10312258,0.15856759,0.1832763,-0.07012326,-0.36047614,0.36499044,-0.14017367,0.12626542,-0.038331486,-0.12038213,0.0045979186,-0.12106099,-0.09434199,0.10488697,0.0024096984,-0.19824232,-0.45721948,-0.1532508,-0.19814394,-0.670749,0.14616533,-0.42025042,-0.37359896,0.053609967,buka
-237.82681,92.41835,28.41775,13.412124,15.31618,8.547787,9.976201,7.9744697,-2.5825684,3.6526453,-13.203089,-8.755398,3.3162165,-9.360977,-5.225689,1.2963277,3.5645144,-4.689064,-0.4009697,-3.5067117,-9.0785055,2.7381775,-3.228825,1.1369998,-4.4549775,-3.4716783,-6.2151475,-2.0324495,-4.046601,-4.7328315,-4.816232,-3.8346548,-3.4186656,-0.9325278,-5.7015576,-2.294751,-0.77320206,5.572256,10.335128,10.694301,8.786632,5.337423,3.7455912,4.017253,3.1125069,2.5551002,2.125282,0.5598211,-0.23388082,-1.8240312,-0.56175494,-0.7732093,-3.562943,-0.0688432,-0.0939951,0.5983988,-1.8116785,1.3450631,-2.6872625,-1.8687348,-0.24067302,-0.89476585,0.3827824,-0.8327542,-1.999084,0.011037541,-1.5300243,-0.97147757,-1.731626,0.528485,-1.50158,-0.17370275,-1.0908396,0.46481347,0.7889857,1.0691843,2.0590403,1.4716599,0.12818511,0.4572655,0.041675963,0.116746716,-0.13154419,1.1959603,0.11328104,0.52718705,0.28700468,1.180636,0.6781463,0.6567305,0.77131814,0.29094377,-0.4844774,0.25158903,-0.2791748,0.115703054,-0.84042656,0.07107726,0.012858904,-0.14142361,-0.46401238,-0.4663034,0.23183177,0.492634,0.6171106,0.79157317,0.07303419,-0.54728043,0.20651689,-0.7043518,0.06528553,-0.1172447,-0.52989125,-0.28947923,-0.45084658,-0.26768485,-0.12476226,-0.3645773,-0.08849411,-0.054618783,-0.29270506,-0.08383456,-0.49142393,-0.72749674,-0.5430097,-0.24272016,-0.082773514,0.21304175,buka
-257.4564,86.54068,34.526108,16.367222,15.187702,10.109435,11.068563,5.404637,2.5542612,2.7290046,-4.460231,-2.903923,-0.58177614,-1.0113626,-1.2431371,0.9931874,0.34420648,-0.6583272,-3.824778,-2.3764904,-5.319232,-0.4148651,-2.4745004,-1.004911,-2.7203674,-1.7466453,-2.3919566,0.73044086,-1.8079013,0.07179118,-3.6896744,-0.8860825,-2.4313583,0.3644781,-2.1503537,-1.0170398,-0.551904,2.1490397,1.9945061,1.7768136,-0.827046,-0.09313727,-0.611949,2.947919,2.3302398,3.2353923,0.39287657,0.7900494,-0.2548253,0.16786417,-0.78095347,0.07694365,-1.3282691,0.02500829,0.23767051,0.8927914,-1.1230986,0.41282701,-1.1452882,-0.17039639,-0.7689492,-0.08822646,-0.08466508,0.28723782,-0.31480724,0.13397123,-0.7752817,0.23181322,-0.009470837,0.51225466,0.11287792,1.0122418,1.5023829,2.3760958,1.5134529,1.2375592,0.34200314,-0.45561558,-1.1682938,-0.6669342,-0.8404453,-0.27048132,-0.17767599,-0.17866383,0.59269416,-0.1577517,0.5884828,0.83799773,0.9059899,0.1695064,-0.006014362,0.5496192,0.2113873,0.49064514,-0.45126587,-0.31704918,-0.4975242,-0.58881736,-0.6497941,-0.46305004,-0.15852061,0.3259658,0.39419097,0.2899986,0.43563816,0.5273698,0.10637425,-0.44864365,-0.4028791,0.31642824,0.29203513,0.4665844,-0.46200174,0.24568288,0.23220177,0.14543624,0.2680151,-0.012017462,0.300642,-0.04332469,-0.19278607,-0.66846806,-0.13912125,-0.39136034,-1.0359976,-0.7847416,-0.5623348,-0.4958539,buka
-260.5994,92.588135,25.367266,11.217574,13.046774,8.440151,11.531907,6.373616,-0.21110786,4.7782564,-8.575702,-6.021137,-1.4564799,-5.3884473,-2.9432979,2.387351,2.2790785,-0.8115196,-1.1942171,-3.5926242,-9.794628,0.8452936,-3.6054,-1.8599167,-3.3184545,-3.9050932,-3.1616378,-0.13241681,-3.5678024,-0.83065075,-4.302723,-0.15200794,-1.3472825,2.9938245,-2.3283198,-0.11959505,-3.4670346,-0.64012223,-1.559815,1.3303282,0.42066145,1.5633509,1.5769552,3.5028224,2.9855452,3.2071276,2.5698202,3.972706,2.6283379,2.1728582,2.6059954,1.5362597,-0.4943421,1.2789329,1.5310477,0.7793978,-1.2696812,-0.03416826,-1.3336177,-0.6322409,-0.36599907,-0.46961403,-0.35444534,-0.12696618,0.5967539,0.74708927,0.28449878,0.63285714,0.004031152,-0.14608945,0.03822499,-0.013501264,-0.39083186,0.5179635,0.37694567,0.5386388,-0.04285194,-0.082502306,-0.46935925,-0.15691318,-1.8857707,-1.3564698,-1.117645,-0.36374143,0.5023453,-0.19256091,0.18967487,0.29867718,0.6337894,0.7228056,0.16297106,0.43366966,0.49453336,0.66011834,-0.0779664,-0.20744033,-0.8629303,-0.5067426,-0.035893377,-0.07174442,-0.9061613,-0.4710744,0.3705175,0.44128945,0.7148661,0.3453788,-0.13243152,-0.21658117,0.15079795,0.7698016,0.28449005,0.16754477,-0.100345254,-0.11614036,-0.15138593,0.33744627,0.4947936,-0.21059541,0.049489502,-0.059225414,-0.051891137,-0.19651735,-0.21923968,-0.28837332,-0.5896938,-0.85795814,-0.8293771,-0.4551897,buka
-242.54181,90.60595,42.34056,24.498386,15.456514,8.693428,9.609979,8.429995,1.1370608,3.5912879,-7.1184983,-9.264752,-4.497035,-6.5877194,-1.0948322,1.5335311,1.6543773,1.5830497,-1.612125,-3.8862643,-4.456715,-2.4446704,-2.50156,-0.94894606,-2.987412,-1.47822,-4.562266,-0.022767093,-2.832283,-0.45291683,-3.4235394,-0.5014312,-3.4136832,-2.2606277,-1.0712985,-2.2740998,0.24206613,5.117814,5.6983795,6.09281,3.8869483,1.6726226,0.20486449,2.750169,2.101839,4.902585,2.2623293,1.8737078,0.6243671,0.97604835,-0.29341727,0.32756838,-0.45928603,-0.63559425,0.3151244,1.3453101,-0.9860645,0.6612627,-2.256949,-0.12063519,-1.4016021,-0.49701393,-0.88098925,0.07629648,-0.21383181,-1.0701076,-0.41983902,-0.6719891,-1.0723926,-0.1858078,-0.5623815,1.0264481,1.1624886,2.145876,1.4576918,1.7918053,0.86585695,-0.585128,0.41975304,-0.25132385,-0.036969807,-0.08664661,-0.36010614,-0.26653412,-0.609924,-0.6410457,-0.5029515,0.76743746,0.77052134,-0.036732137,-0.6622406,-0.4300122,-0.37065113,0.17646417,-0.39400503,-0.5510529,-0.26183248,-0.4259413,-0.1080197,0.15533873,0.02623823,0.14677154,0.47834572,0.92705625,0.4873284,0.27903917,-0.20475565,-0.3789659,0.49778342,0.3286622,0.36141285,0.12364778,0.009638915,-0.35973507,-0.64528346,0.013539475,-0.2556498,-0.097740844,0.5732891,-0.3960194,-0.07517056,-0.36786214,-0.24248888,-0.39312896,-0.027599093,-0.28485134,-0.59828454,-0.30709094,buka
-250.75969,89.81179,37.125175,18.524948,13.256658,4.9794908,10.484107,6.8221908,0.25741947,4.6163387,-8.799369,-8.0657835,-0.6251038,-3.9874713,-1.6964481,4.162632,1.3902748,-2.735088,-1.8737471,-3.861072,-4.817351,-0.31162316,0.64056206,-2.7532456,-1.8497313,-5.6842384,-3.7271209,-0.67249703,-2.5326452,-0.12426715,-2.8219109,-0.40914544,-5.3506246,-0.52954346,-4.048604,0.5017767,2.635996,7.8232355,8.750429,8.811552,4.651258,2.932505,0.46168736,2.9809306,2.9599102,3.0816083,-1.4164611,-0.13141736,-1.2750236,-0.015254344,-0.37642124,-0.49929538,-2.4087179,0.0546177,-0.8529813,0.7416054,-1.6937839,-0.70368576,-2.7788448,0.5223075,-0.7074856,-0.42560664,-2.005188,-1.1115024,-0.8002175,-1.4414146,-1.2657282,-0.42620373,0.17434153,-0.59970266,-1.8339639,0.18509915,1.2512969,2.2002215,2.3357494,3.1167288,2.8334854,0.8476264,-0.9716513,-0.54580736,-0.54408544,-0.06857771,-1.343879,-0.070806384,0.15106943,-0.53999776,-0.19857499,0.70921856,0.7370058,-0.5856865,-0.90000767,0.01930473,-0.68340707,-0.03600464,0.41378492,0.5597899,-0.8588706,-1.0645496,-0.3392904,-0.13112271,-0.5517956,-0.5521799,0.6549187,0.83603436,-0.025114441,0.67534924,0.46465886,-0.49871334,0.50444156,0.64184374,-0.093627416,-0.5670813,-0.3655265,-0.84844315,-0.9114628,0.2045724,-0.5424661,-0.91251504,-0.059843443,-0.64593196,-0.7282558,-0.60896504,-0.1259324,-0.101731725,-0.0066132913,-0.6512816,-0.37039903,-0.0022628198,buka
-246.67773,91.34794,29.882446,15.409446,13.3360815,9.466369,9.247967,8.057955,-1.8481603,4.415842,-8.613199,-8.195348,1.1037445,-7.913205,-4.2627664,2.734208,1.9291754,-4.139416,1.3809142,-3.2383873,-7.564521,1.6400574,-1.6572231,-2.0361357,-4.0400877,-4.800543,-5.5167527,-1.1973815,-4.0311456,0.2833175,-5.468233,-3.5408134,-4.188606,0.6673092,-5.5631857,0.91832906,2.6784277,7.0261273,7.534275,5.9758434,3.9959567,2.0139415,3.4874532,4.528571,4.687152,3.3477054,1.1003568,1.3451868,-2.3316357,-1.3044014,-1.7269505,-1.0783358,-2.871907,0.018522775,-0.2731202,0.92284197,-1.2238479,0.20939213,-1.9279022,-0.7675893,-1.6075636,-1.9807214,-1.1011504,-0.3635463,0.48780853,-0.8331936,-1.3125744,-0.47905967,-0.9777993,0.25413623,-1.2272872,-0.22627464,1.2037542,2.3791096,2.4065557,2.2194078,1.6490163,0.6287205,-1.3339317,-0.47962657,-1.0680437,0.14239053,-0.30288777,0.06480662,0.20250233,-0.58929473,-0.18154761,0.387076,0.63625157,0.7379116,0.10203996,0.20871405,0.089431554,0.29791665,-0.66228086,-0.5031479,-0.5478958,-0.40256855,-0.04416575,0.42075738,-0.21091409,-0.51402897,-0.51163715,0.05000592,0.54748315,0.2106489,0.7870536,0.099288926,0.11888764,0.22306629,-0.20043167,0.08269728,-0.73600096,-0.27824998,-0.008514911,-0.09547522,0.2239689,0.32665345,-0.15696317,-0.35960516,-0.31097656,-0.43688723,-0.455127,-0.22207601,0.09792675,-0.26289415,-0.70626664,-0.40686646,buka
-227.83539,89.10884,30.506466,16.111408,13.523471,3.8262994,12.867848,3.8776278,-5.422309,8.298117,-12.215256,-7.213185,-3.5403862,-5.0492244,-0.89337087,0.75345033,-0.48658264,0.9058673,-4.0916944,-0.61202335,-5.2045016,-0.2757627,-1.1008556,-0.34014985,-5.452312,-2.1610992,-6.478798,2.1474063,-1.9743413,1.2553416,-1.7881919,-1.7248305,-0.11387231,-0.04142214,0.59959507,-3.0405238,-2.3914645,-2.4653149,-1.9599853,-0.10945256,-2.329701,0.086573616,-1.566903,2.243052,1.758397,3.223455,2.7853358,5.124379,4.2481065,4.7047386,2.7865775,2.0219007,0.6665305,1.7953466,2.0094209,1.469077,0.4489711,-0.110650726,-2.029446,-0.6232377,-0.62151927,-0.20923388,-1.7143452,-0.9923151,-0.078220956,0.07024706,-0.74962527,-0.23228207,-0.9108771,0.2298362,0.26385957,-0.12618959,-0.6448225,-0.38329396,0.04746217,0.71882606,-0.3463839,-1.871892,-0.41798794,-1.5320934,-1.3920741,-1.7977524,-1.333536,-0.6791033,-0.54641765,-0.9222294,-0.9929893,0.3942577,-0.27212054,0.1670352,-0.2548987,0.18875566,0.55787194,0.37684378,-0.18853302,-0.08167632,0.09058791,-0.17745355,-0.4117994,-0.16536513,0.20955826,-0.026151793,0.5113404,0.7953124,0.91868085,1.2072403,0.23352288,0.33370158,0.6863924,0.36993167,0.41235927,0.018044926,0.23366004,-0.072436094,-0.0910004,-0.00491702,-0.03345081,0.13819991,-0.21467121,0.037635583,-0.7929616,-0.5723269,0.077522896,-0.42768884,-0.06466553,-0.1661665,-0.13319607,-0.35998058,buka
-226.70026,88.51267,44.89403,21.17144,15.757628,9.169256,10.293373,6.9062705,-0.82812923,2.6909382,-6.809367,-7.1072845,-3.4412456,-4.473538,-1.2081263,1.0370812,-0.98559326,2.0132005,-1.407724,-2.0959442,-3.897086,-2.7079813,-2.8383965,-1.3887446,-4.348368,-1.3534677,-5.4954844,1.0096579,-1.9314598,0.3162008,-2.6243255,-1.2842478,-0.3203779,-2.1892383,-0.6504101,-4.2656612,-4.547757,-3.0973766,-4.371751,-1.6436306,-2.7080421,-1.7033843,-2.1789172,-0.16140826,-1.002705,1.3184896,2.7262094,4.581881,3.752971,3.5959294,2.4688735,3.1651888,2.3735557,2.266256,2.489003,3.581399,1.8245133,2.1342034,-0.90689385,-0.33927584,-0.360947,0.116676256,-0.18512483,-0.17504407,0.20335498,-0.0011545328,0.17355394,0.63794225,-1.2448372,-0.47341368,0.33985773,0.94368654,0.33989012,0.621839,-0.20167144,0.2051188,-0.38891315,-1.557026,-1.1026746,-1.7173975,-2.4366112,-1.0313699,-0.68823785,0.067467004,-0.01022114,-0.40337583,-0.3252151,0.37512252,0.81849796,0.44456536,0.010876575,-0.25816673,0.30011603,0.70476985,0.254423,0.4918346,0.81717545,0.5076389,-0.58325756,0.2949496,0.24054533,-0.24713956,0.21030176,0.35695973,0.42914465,0.36999032,1.0016162,0.6498579,0.42390183,0.087101996,-0.021880575,0.2971684,0.14135739,-0.28459102,-0.6055482,-0.012988252,-0.030192621,0.0028615366,0.029443756,0.030218586,-0.5480788,-1.1303655,-0.81122625,-0.3065212,-0.764167,-0.47747692,-0.8366252,-0.5462508,buka
-204.50705,94.97385,28.203913,11.021094,10.798821,10.93787,15.748658,1.3276736,2.1008158,4.739121,-6.2104807,-5.44925,-2.5820897,-2.8550525,-3.6563146,-1.3213216,2.219766,-0.9320468,-2.4485915,-0.25301695,-5.656832,-1.4308697,-1.3569422,-0.4666297,-2.6177993,-1.9755688,-4.716495,3.4150798,-2.5651863,1.143304,-3.2143168,-0.8219705,-2.1540391,0.06741945,-1.830135,-5.284897,-4.2864356,-2.4858634,-1.9729382,1.5914439,0.22452821,3.515011,0.4186313,3.869316,2.4370146,5.507678,2.3665383,4.955327,4.3826127,4.0712247,2.8726764,1.7893628,-1.0040992,0.24370728,1.095755,1.1146461,0.0960029,-0.033499535,-1.9699244,-1.017978,-0.7302663,0.2819497,0.27171135,-0.6356732,-1.1802541,-0.76773924,0.023037111,0.675854,-0.6139408,-0.5535468,-0.7217801,0.50917083,0.6697187,0.28596795,-0.7164305,-0.31394336,-0.43842286,0.09482231,-0.37619975,-1.0366235,-0.9756454,-0.4611986,-0.36644098,-0.58538836,-1.0566286,-0.38845858,0.0077945087,-0.026206866,-0.021144582,0.9445567,0.57817006,0.36152083,0.026405444,-0.10721109,-0.558297,-0.43864453,0.034290284,1.0375618,0.9017802,0.53997266,-0.3753063,0.18871513,0.26395327,0.20867342,0.53188545,0.49701956,0.47015965,-0.004574175,0.34997007,0.5229192,1.1431041,0.292489,-0.10363919,0.037287932,-0.15167524,0.070769794,0.37811163,0.36433482,-0.15668595,-0.1841506,0.08100738,-0.28896338,-0.14103575,-0.58468086,-0.3079629,-0.7202924,-0.081457265,-0.16123874,buka
-258.7724,92.45923,30.145744,16.354242,13.045216,7.929724,9.971646,4.9834933,-1.4219074,4.1336,-11.156435,-8.543864,-0.98076224,-5.7552295,-3.9746065,1.063137,0.39442727,-4.968508,-0.22002959,-5.2310467,-6.9211264,-0.45810464,-1.9620483,-2.1845744,-5.247062,-5.382545,-5.3056207,-0.4431271,-2.576094,-0.31993115,-5.0888696,-2.7742095,-3.5220306,1.0654736,-1.8817792,0.6756031,1.0432485,3.6458294,3.5798638,3.5546756,3.233566,3.1428616,3.3895245,5.024899,3.4518473,2.5449739,-0.5655594,1.6909133,-0.22656974,-0.40403742,-0.65307945,0.28867957,-0.3685775,0.69285756,0.6889259,-1.1018816,-1.2682025,0.97737426,-1.7347003,-1.8808832,-2.207086,-1.0015098,-0.77639806,-1.1621047,-0.31696102,-0.54795533,-0.9692712,-0.6290858,-0.6709433,0.45612365,0.6569048,0.7110884,0.27671772,0.7715202,0.37142527,0.35325998,-0.24255219,-0.5825213,-0.6311587,0.038949102,-0.26943302,-0.24883807,-0.114895895,0.43226063,-0.066448845,0.34483123,0.26440006,0.06846517,-0.058480248,0.57483286,-0.17644553,0.2623147,-0.4978232,-0.066438764,-0.39045542,-0.10193971,-0.6038327,-0.27300692,-0.6211355,0.14738907,-0.6108469,0.75586516,0.39194003,0.4416886,0.5000546,0.6840899,0.14275545,-0.25345322,-0.02093632,0.098311625,0.10984794,0.15462293,0.12934834,-0.45444775,-0.17085648,0.26268652,0.25809786,0.70210457,0.24772245,-0.21578288,0.030603936,-0.25956467,-0.5289779,-0.3556281,-0.40389338,-0.08692062,-0.7910523,-0.062421944,buka
-337.009,82.69868,32.422947,23.516832,12.651218,11.314236,11.409123,0.799076,-7.139963,-2.5990713,-7.214402,-2.42559,-2.679611,-2.8783402,-0.99213916,-3.2380002,-3.7303407,7.574866,-0.94030684,-1.6616572,-4.1259766,0.84115696,-2.7512715,-1.779187,-0.92494655,-1.8835505,-5.3344665,1.2916241,-3.558034,0.6603959,-0.81673944,5.3428984,8.081357,7.289962,5.0959997,2.5159826,0.13193728,-1.7009785,-0.16192679,-1.2979472,0.68073237,-1.0447102,-0.9519219,-0.2557003,0.11021743,0.1275225,-1.9426645,-0.5516908,-0.6726289,1.6024276,-1.1743773,-0.044514034,-0.8086492,-0.38094056,0.059801556,-0.61363107,-0.79300463,-1.0679938,-2.4314842,-1.502423,-0.9029595,0.40681863,1.4988103,0.2868588,0.47661015,1.5981531,0.7588379,1.2637041,3.004693,3.3926883,1.6895546,0.9150327,0.5329788,1.8215703,0.45145023,-0.12520203,1.2420651,0.25668633,-1.826571,-0.9982542,1.1627983,-0.13035333,-0.69989204,0.32005963,0.19778119,-0.9090833,0.28155285,0.2281475,-0.603542,-0.8009106,0.20816618,0.33185086,-0.26797605,0.35659292,1.0345709,0.011332998,-0.7703082,-0.08201431,-0.8045977,-0.83755594,-0.31881765,0.014822116,-0.37080476,0.12119274,0.19688492,-0.99735767,0.38980758,-0.01599998,-0.14838758,-0.21310121,0.775265,0.113381624,0.07836882,-0.08585376,-0.04865969,-0.36524016,-0.20757495,-0.32568827,0.15566938,0.006591426,0.048968535,0.018569462,-0.052445404,0.23967893,-0.52379733,-0.4768419,-0.29342797,-0.13745771,tutup
-285.2107,83.65427,32.00856,23.69264,15.352055,11.343324,12.395599,2.8768892,-3.058696,-1.6334242,-6.656281,-2.5075223,-1.4667113,-1.2858733,-2.008951,-2.7189486,-3.0051236,4.020159,-0.78040373,-1.2042232,-5.4847145,-0.45095173,-1.6207404,-2.3841097,-1.6348948,-0.81887984,-4.4330835,1.2559457,-1.8314084,3.282678,1.2690374,3.1745853,0.8546649,0.6503026,0.40341797,3.2392335,2.940281,5.1291857,1.6450249,-1.4555998,-1.9089601,-0.40258345,1.0353149,0.37773585,-0.83442533,-1.2155341,-2.527622,0.3472959,-0.5738367,0.097530276,-2.1879127,-1.632607,-0.46469897,1.2743838,-1.0311488,-0.68446946,-0.63470095,0.093906134,-1.0514684,0.5649491,0.70784605,1.4382921,-0.36212617,0.19893472,-1.140242,0.2696065,-1.047386,0.09954154,-0.4411744,0.08250768,0.29129827,1.6543999,2.2010434,2.1944203,0.5730992,2.1661901,0.16333713,0.19015402,-0.2935194,-0.24048142,-0.6916933,-0.2913914,0.7794127,0.19602862,-0.5171237,-0.40555444,0.34259894,-0.3981822,-0.096444204,0.961303,0.45907846,0.08084785,0.8652012,1.0120101,-0.080703825,0.38567626,0.124745004,-0.38160223,-0.79103726,-0.4689208,-1.3202437,-0.8713121,-0.34932014,0.411122,0.08060162,-0.5598536,-0.90786487,-1.1468271,0.15292643,-0.106354065,0.14904451,0.21622135,-0.4878158,-0.37599558,-0.10785177,0.081038095,-0.35818034,-0.2712746,0.08477413,-0.48823196,-0.32014555,-0.22583674,0.6244726,0.03892417,-0.3032099,0.84038085,0.38532734,-0.03835505,tutup
-307.11685,86.18791,26.301771,21.967834,15.913057,10.813682,14.016764,7.2737446,-4.2300606,-1.685844,-9.487469,-4.1114016,-0.6156281,-2.2758434,-1.1774278,-0.7815528,-7.3646936,1.9225473,-1.6435968,-3.1525311,-4.403202,1.7130281,-3.49954,-3.8947961,-1.0203413,0.044984084,-3.942341,-0.08442834,-1.6080674,5.29072,1.0780768,2.6552088,2.308603,2.5155432,3.007347,3.5564077,4.2108536,1.6932755,0.7706631,-1.2892554,-1.6601999,-2.0860887,-0.47648346,0.7070535,-1.8041157,-0.0647087,-1.3007275,1.2015393,-1.5065908,-0.7611382,-2.3553748,0.23029768,0.40837526,0.3172904,-1.7719139,-2.657223,-0.81618494,1.257056,-2.3584065,1.1080965,0.88106513,1.203128,0.5305047,0.14733726,-0.16816485,-0.47766528,-0.6962768,-0.8047055,1.1393418,1.3519053,0.6466981,2.0877426,1.7500042,1.7832242,1.0239636,1.9553332,-0.5406609,-0.48840994,0.51085395,0.48095524,-0.72691137,-0.6551174,0.15347195,-0.5291323,-0.91231245,-0.27490136,-0.5142802,-1.4478834,0.9852588,1.7145028,0.8712835,-0.37058342,1.1241331,-0.030137366,-0.28151023,0.41816178,-0.811797,-0.7084992,-0.42834225,-0.10377354,-0.6785947,-0.5592965,-0.15307565,0.05013683,0.20576432,0.09864748,-0.07134677,-0.4033466,-0.49965867,-0.3532833,-0.13788614,-0.34822312,-0.21125346,-0.23664138,-0.024979232,0.4087282,0.4448843,0.30975902,0.5006508,-0.17806524,-0.9783047,0.11622469,0.06928078,-0.7883258,-0.10192573,0.01956209,-0.092881426,0.04311324,tutup
-278.64227,83.90556,35.569523,23.242846,14.916568,11.672068,10.155087,0.9344501,-1.213561,-4.2387505,-5.776238,-1.875507,-3.5046453,-2.1924498,0.18101001,-4.818529,-2.174166,2.7394958,-3.3272557,-3.0996325,-4.220018,-1.1979797,-2.6913288,-2.5929368,-1.7271316,-0.46644604,-3.5659523,0.6217436,-1.7085441,2.2241573,-0.95520955,1.4554324,-0.30823696,1.5857543,1.3677405,0.06682767,-0.7181793,-1.5133255,-0.18989512,0.2133954,0.86374736,0.32602113,-2.075464,1.6680038,0.12417972,2.4091372,0.93888897,1.2098792,0.77869254,1.0066948,0.07614099,-0.36590448,-0.17970362,-0.31121182,-0.39957926,0.0150077,-0.5878532,0.482948,-1.9181222,-0.21958359,-0.7669092,0.055818804,0.18564963,1.2764623,1.1266664,1.5389321,0.88033867,0.2717052,0.033793364,0.38076776,0.061090283,0.97431254,0.1830728,1.7067108,0.41355848,1.2463493,-0.0066915327,-0.33878165,0.13525021,0.40205437,0.24557447,0.13325736,-0.743184,0.3496508,-0.2555235,-0.366933,-0.0053368383,-0.14479385,-0.04351628,0.3440494,-0.06850769,0.04260985,0.3025855,0.52937746,0.24283601,0.40683293,-0.17881252,-0.4774387,0.079394676,-0.37189594,-0.15843159,0.2026429,0.3134553,0.6146092,0.63374823,-0.09607027,0.031296898,-0.26958075,0.16067323,0.16521634,0.08946361,0.3767441,-0.19477537,0.27349153,0.0904696,-0.043873902,-0.18562132,0.3931218,0.18492119,0.017375004,0.050534226,-0.0137224635,0.06170565,0.16808273,-0.076140285,0.061462857,-0.42089,-0.01397215,tutup
-224.79465,85.1833,25.237106,20.608679,7.5970936,11.608719,13.787143,2.2881904,-4.5168853,-2.3742797,-8.311521,-3.6831403,-2.320947,-4.1348124,1.1438996,-3.6103542,-5.327281,3.5073,-4.8446712,-0.25626397,-4.4888096,1.9242356,-1.1416332,-1.435481,-1.060181,2.5327497,-8.807547,-1.6317382,-5.811635,-2.0413618,-3.7382467,-2.6483428,-1.2423635,-3.4236848,-2.425235,-2.0491912,1.4356018,2.808016,6.83373,8.924811,7.373394,4.820591,-1.168815,1.1343249,1.0400946,0.9133302,0.09053308,0.1799793,-2.6338634,-1.4327214,-0.584846,-0.5036871,-0.42669588,0.88133806,-1.9341351,0.07530628,-1.0732687,1.5328158,-3.0589182,-0.3908232,-0.8788958,-1.4832942,-0.7692798,-0.55684435,0.07278512,-0.3927696,-0.42273438,0.83826935,-0.4293291,0.069150336,-0.7491594,-0.69912213,-1.0531552,0.95281345,0.79642564,1.2611871,2.6317713,0.7779501,0.36276895,1.3451991,0.37008813,0.48334688,1.1692287,1.142876,0.56649864,0.15322876,-0.047583617,-0.07850135,0.82254636,0.6085776,-0.5335617,0.111941025,0.062477928,0.013631677,-0.0007884319,0.25615168,0.2173159,0.12093446,-0.62542224,-0.73756784,-0.56588554,-0.7478813,0.34242406,0.78054076,0.4660396,0.80273354,-0.08620129,-0.37319443,-0.23540837,-0.056436818,-0.1916635,0.40640634,-0.19853798,-0.2655574,-0.39933896,-0.3032421,-0.43560782,-1.1063168,-0.84470725,-0.4980706,-0.68976384,0.24563962,0.05835627,-0.13282603,0.2584101,0.8741207,-0.27543765,-0.4370829,tutup
-222.93436,99.46479,31.865932,18.50165,8.585635,6.9583416,11.467807,-1.0117321,-8.444865,-6.712558,-12.150195,-6.6200075,-5.3179545,-3.232153,2.0096874,-4.0913196,-2.2764816,0.10893352,-6.315473,-3.7088923,-6.1004233,0.8164814,-1.7524899,-2.0202131,-1.7900407,1.6873628,-6.052568,-0.5164516,-1.4096646,1.8305129,-0.21465883,1.3432728,-1.2690895,-1.1661848,-1.9811561,-2.3881888,-1.7553267,-1.989416,-3.5926788,-1.2946339,-4.1213403,0.76334256,1.568846,7.328658,8.654426,8.517072,3.897897,4.5133653,1.218975,1.2878371,2.6960278,1.0059849,0.33070862,0.80636847,-2.0001838,-0.51882267,-0.06734989,1.3022217,-1.2196465,-0.041531917,0.14113039,0.6457352,0.12291622,-0.28184304,-0.2845136,1.2074178,1.4244505,0.9753614,-1.2455182,-1.2198402,-0.96893,0.39820927,-0.27669045,-0.1498918,-1.4599581,-0.021786315,-0.24859153,-1.633553,-2.4131503,-1.0764563,-0.68192804,0.078757524,-1.2279066,-1.6330688,-0.6393726,-0.7480516,-0.2635868,0.23392695,0.6294009,0.44738412,-0.58594984,-0.02719355,0.07609938,0.41527507,0.21380489,0.70655906,0.42522225,-0.43147576,-0.6915656,0.19738394,0.2313475,-0.14505538,0.2812603,1.248574,0.99208456,1.2707099,0.57582754,-0.1220504,0.18064108,0.19222745,0.3341993,0.7461748,0.017660655,-0.10306451,0.04069037,-0.40727136,-0.1723398,0.7322645,0.28363112,-0.329471,0.3631566,0.045479115,0.14061783,-0.11798047,0.3205503,0.31518313,-0.1099579,0.6778756,tutup
-277.05722,85.522705,30.187023,23.631031,13.237535,16.024578,11.079376,0.81842154,-2.400584,-4.4239345,-4.1512213,0.79314077,-2.0126362,-0.6893799,0.16636345,-3.9669006,-0.8024581,0.8902643,-3.1957603,-0.6003754,-3.5780315,-0.040236853,-1.0367162,-1.2629739,-0.18282796,0.38302016,-3.1702046,-0.3525066,-1.9253837,1.8467175,-3.741944,-0.4111397,-1.862293,3.7675107,1.8649734,1.0464317,-0.14828381,-0.4397104,0.038034417,3.2984817,5.9440036,6.2817407,1.1013387,1.03145,-3.1288028,-1.221547,-1.4745438,2.089189,-0.9973038,-1.423479,-0.05359569,0.20912422,-0.18150239,0.549307,-1.4703605,-0.720517,-2.128405,-1.33883,-2.3406706,-0.6851685,-0.8098379,-0.97093004,-1.3242846,-0.64263374,-0.81123924,-0.66895777,0.4118622,1.5386248,1.6619742,0.9335868,0.9717573,0.1629964,1.3521872,0.6281559,-1.4199886,0.82401675,-0.0028623214,-0.68266696,-0.6041205,0.7871364,1.2476418,1.392358,0.2171633,1.1352481,0.17716263,-0.9745917,0.02431458,0.021423778,1.2002059,0.3298854,0.45722568,0.2599173,-0.10389508,0.026871154,-0.6025761,0.71023196,-0.07217697,-0.79238635,-1.0294015,-0.7327248,-0.49903125,-0.50065154,-0.53688204,-0.028974624,-0.020505255,0.3539965,0.42455614,-0.43467182,-0.5132267,0.17581724,0.7146843,0.27925742,-0.34554085,0.41626143,0.06992029,-0.19303529,-0.07446606,-0.15333056,-0.22793266,0.48418072,-0.45304903,-0.1532448,-0.07490707,-0.4411397,-0.2453755,0.34155485,-0.6352591,0.3012417,tutup
-256.65027,92.525696,33.42615,17.27059,14.824585,12.298335,11.258408,2.938261,-4.4019423,-1.9308301,-8.983952,-5.009016,-2.7826695,-3.3434815,-0.23756547,-3.4941683,-3.2899878,0.5103414,-5.6867476,-2.2727296,-5.789324,-0.799447,-1.1716615,-1.9099034,-0.84947324,1.7279311,-3.337486,1.4323738,-2.6526914,0.14453268,-3.0439324,-0.0854649,-4.0361314,1.5905128,-1.2969201,-2.3197904,0.65809536,-2.2605286,-0.86881244,1.9888071,4.0388575,7.720969,7.228032,7.6416674,3.3795633,2.6168835,-2.5891206,1.1295755,1.274616,0.98494685,1.2737019,-1.8327177,-1.869601,0.20246997,-1.9711888,-1.0952916,-0.4202167,0.3009358,-2.0676928,-0.0034373165,-1.2328725,-0.35004193,-0.36401615,-0.48360372,-0.23747647,0.8473101,1.3597105,1.0829437,0.69161946,0.5898857,0.34582078,0.509857,0.7486958,0.56454295,-0.34073722,0.57790095,-1.127832,-0.9766334,-0.2709029,-0.29562986,-0.32214797,1.3390676,0.93886906,0.72617394,0.9863578,-0.141964,-0.39356214,-0.5818972,0.44228214,0.58829886,-0.17263004,-0.78770316,-0.018592732,0.2218054,-0.3510486,-0.33367968,-0.49794686,-0.9152986,-0.43429852,-0.14734545,0.43229076,-0.853531,0.19770707,1.152543,1.027818,-0.13810664,0.2047556,0.1514757,-0.007393342,-0.5150221,0.27268365,0.5782094,-0.14300776,0.015187608,-0.64952356,-0.2839371,-0.34602362,0.054014754,0.16028191,0.066118,-0.109061316,0.1504907,-0.22022569,-0.1752765,-0.06938993,0.19500591,-0.19420633,0.37838542,tutup
-264.7416,82.16382,37.756832,18.969702,12.292717,11.50558,14.183194,2.009932,-2.2571542,-5.694731,-8.329951,-3.4689758,-3.4701774,-0.9261774,0.5022105,-3.1380715,-4.2017674,1.7798574,-3.705052,1.1893351,-4.271201,1.6877148,-1.2396034,-4.58327,-2.2297254,0.14898397,-5.217055,3.452115,-4.2551007,-1.4181736,-3.677363,-0.04899611,-0.53147495,3.2673676,2.740619,3.4654021,0.43873388,2.9365115,1.5189612,5.2087126,4.0073266,4.4145303,1.0026612,0.29842746,-0.76452196,0.8286865,-1.0542878,1.1720431,-1.5662488,0.47549355,0.049889874,0.9274369,-1.2950728,-0.31361374,0.27152264,-2.0962095,-0.7798674,-0.4347234,-1.160656,0.44151077,-0.5638636,-0.4092335,-1.3903512,-0.5872636,-0.533152,-0.005567415,0.3008411,2.1400373,1.3686239,-0.069702104,-0.75155675,-0.13970754,0.46301565,1.102385,0.0509762,-0.051485542,0.38886058,-1.2922742,-0.55734444,1.2673781,0.5579128,0.66680074,0.287094,0.89154094,-0.50284594,-0.25851804,-0.4327265,0.72963524,0.014287237,-0.35181051,-0.36717975,0.21460122,-0.20161307,0.3341322,-0.54350996,0.3110254,0.34038642,-0.08338552,-0.34938788,-0.11872192,-0.39337558,-0.58367664,-0.31416926,0.2973964,-0.42811388,0.49598688,0.32140592,-0.878034,-0.6946339,0.24375604,-0.03843815,-0.45706064,-0.34909213,-0.27967715,0.29611698,-0.46261227,-0.6303584,-0.58322483,-0.80594647,-0.098033406,0.26962012,-0.20593973,-0.6857463,-0.39436868,-0.3987282,0.016737806,0.23891264,-0.034196913,tutup
-296.98737,83.36905,33.836765,21.809624,12.119882,12.930527,13.452279,1.2615051,-4.9548144,3.5062513,-8.921708,-5.2514977,-5.1728363,0.0054770103,0.6412779,-6.144575,-2.1226418,-0.41613117,-5.42187,3.148615,-0.57596856,-0.46499866,-2.2809534,-0.8785222,-4.0205774,-3.9271555,-1.5583045,1.3853508,-4.549258,1.5233777,-3.9734554,-2.0522387,0.90172017,4.8170757,5.78962,3.0469773,0.92304486,-0.28184927,2.7437327,1.5083257,1.4107525,2.884858,-0.7879214,1.3099955,-0.5625233,0.57012933,-0.37123013,1.4871901,-1.367094,0.5431299,-0.22761224,0.6398955,-0.67699236,0.14302772,-1.8423548,-1.3983955,-0.24853761,-2.26755,-1.3744166,0.89421666,-1.4920251,-0.1377103,-1.1291128,0.8710912,0.27059388,1.8457954,0.21431705,2.4318883,0.8304704,0.43338248,1.0587513,0.014374073,1.0962542,1.2064258,0.61406136,1.1388165,-0.79886055,-0.6269735,-0.12150309,0.1969242,-0.2560744,-0.18224937,0.23043641,0.58734035,0.27408934,0.009271809,0.56536305,-0.55613554,-0.2917132,-0.2077119,-0.61481845,0.2780885,-0.16474557,-0.042363983,0.06564213,-0.40627584,-0.13916658,-0.30920768,-0.33615547,0.30366385,0.05329911,-0.67252773,-0.401235,0.34778595,0.37546295,0.23741092,0.042632293,-0.084261715,-0.30197343,0.29096,0.3609163,0.12551726,0.120262094,-0.60806555,-0.35846016,-0.027071854,-0.43655482,0.0018447307,-0.33309773,-0.30807656,-0.2181131,-0.047150686,0.014706076,0.15972282,0.3484055,0.25735235,-0.05446544,-0.4308755,tutup
-240.14781,81.783714,40.26498,24.834932,10.905331,9.41556,11.946628,2.721288,-0.12714486,2.1091614,-9.145427,-2.2841747,-9.450728,-0.6955901,2.282633,-3.4571235,-1.2641771,-0.6203474,-4.635798,-2.7262292,-4.1712756,-1.0652564,-1.9232565,0.36473343,-3.626048,-1.4355102,-3.2105348,3.945595,-3.2560472,3.3677914,-2.1524816,-0.270557,-1.7040697,-4.1134357,-2.1047335,-2.086255,-4.4137845,-0.9037146,0.28890118,-1.8446658,-2.7319157,0.030443002,-0.61603695,4.176546,6.950735,7.8717117,6.5612917,4.589694,0.7168892,-0.45055297,0.47969967,0.018801253,0.5953971,1.4577193,-1.2289168,-1.2457142,-1.0799112,-1.994796,0.88993907,-0.25609106,-1.9850351,0.9640537,-0.7152236,0.41760245,0.37448728,-0.3226238,-0.9611127,1.3619696,-0.8209404,0.7653494,0.36133918,0.27192274,-0.064500324,0.37566933,0.23353034,0.7896524,0.18690875,-0.7798002,0.023737503,-0.9133352,-1.1389621,-0.658438,0.29892933,-1.0988537,-0.90673536,-0.12511715,-1.2031758,-0.35578832,0.2856885,1.080923,1.2781234,1.3501734,0.3170053,0.90833426,0.91719997,0.22135265,0.66987634,-0.28574085,0.14522813,-0.05506047,-0.15354124,-0.31426927,-0.06755107,0.5319174,0.944387,-0.14345811,-0.034910865,-0.23164074,0.049380492,0.58261514,0.31710628,0.60413134,0.2478922,-0.06705574,0.092044316,0.2687214,-0.47588903,0.69114363,-0.03790156,0.4716842,0.8147331,-0.2636661,0.25288162,0.47479466,-0.71494246,-0.10507132,-0.123119675,-0.6519536,tutup
-240.47981,82.115685,32.62778,22.54763,12.774743,12.275684,13.405846,4.323632,-0.39863878,-0.51167876,-5.4343033,0.4101684,-4.972001,0.3055268,1.3186696,-3.2057185,-3.5120597,-0.9026185,-4.886493,-2.7084568,-3.270184,0.5169375,-1.4881935,1.3202953,-1.6516501,-0.986372,-2.6578364,2.4989421,-2.3568773,2.1547785,-1.9090155,-1.0885388,-0.5800382,-2.327508,-1.1465338,-1.3726442,-3.7914412,-0.8502938,-0.52744764,-1.3084085,-0.88234234,0.5753614,1.9531561,5.1004033,5.8874774,5.2596483,1.2320833,0.12194796,-0.82006276,1.2740153,1.2426641,0.931726,-1.1714609,0.6335287,-1.6236701,-0.00088607345,-0.01723086,-0.5525687,-0.77805686,-1.6812216,-0.8250909,0.34628847,0.17002825,0.18765365,-0.3442129,0.14678359,0.16869587,0.97565097,-0.13128029,0.9177327,-0.044048715,0.93669724,0.65897655,0.6658572,0.9744625,0.30295983,-0.69055164,-1.1214676,-0.91406155,-0.40644056,-0.48562986,-0.53983283,0.05139177,0.47007304,-0.25850043,0.52992797,0.42593348,0.85408187,0.33770517,0.2678452,0.23971865,-0.063387476,0.12397584,0.2311858,0.06529521,0.31766254,0.19703414,-0.5011749,-0.56577444,-0.06131684,-0.70736456,-0.7634044,-0.10789795,0.08548709,0.24958953,-0.10064237,-0.03654508,-0.47902688,-0.53845334,-0.11840067,0.5705455,0.82327557,0.5855764,0.39465758,0.10130873,-0.52958065,-0.25147247,-0.51878685,0.18354684,-0.057697326,0.1701144,-0.10966541,-0.13819087,0.23724224,0.10884922,0.24050942,0.32511377,0.035881132,tutup
-273.48535,81.953445,30.389801,22.490145,12.918525,14.496021,15.721974,0.91171837,-2.0395327,-2.972874,-5.779619,0.59322387,-7.0144567,-0.26196262,0.35220975,-4.8543177,-2.4120767,0.6771676,-3.2666826,-1.3537863,-2.3781674,-0.8833208,-2.5374317,-0.7199272,-3.989562,-1.8232688,-2.9787123,2.5911863,-2.398451,1.2530793,-3.469595,-2.8534987,-2.6153162,-1.8960272,1.659529,5.141405,0.9527632,2.5300086,0.7377143,2.2683342,1.4629294,5.942605,3.818043,4.102543,1.2549714,-0.19364005,-0.24486668,1.6354883,1.3152014,1.8018166,-0.8608139,-0.9199592,-1.4987578,1.3312289,-0.028758662,-0.25621095,0.41116264,-1.3089311,-0.31639174,-0.62608474,-0.62007374,-0.26313943,-0.46183503,-0.47239968,-0.45971453,-0.52515376,-1.1268967,1.1948104,-0.6631411,0.791472,0.19337483,0.25920644,0.15409517,0.6118484,0.047974993,0.33061242,-0.40858957,0.1746438,-0.9491816,-0.4243472,-1.1397108,-0.95112485,0.116976805,0.8667373,-0.38803726,0.46425882,0.1612802,-0.3772483,-0.2090479,-0.30539244,0.027046988,0.33783928,0.21754637,-0.1570687,0.1011355,0.5479972,-0.022247743,-0.7781517,0.060935866,-0.79698414,-0.9483835,-0.71954,0.23714978,0.72054404,0.62912804,0.18202688,-0.55119514,0.2885602,0.13886857,-0.16632457,-0.36623678,0.3365914,0.21039551,0.07587189,0.14763306,-0.30578798,-0.18240832,-0.1937009,-0.28479958,-1.0602309,-0.8158796,-0.5675627,-0.20734929,0.12863961,0.22569524,-0.29690987,-0.23691332,0.13244529,tutup
-263.59372,88.07,32.98956,20.740381,11.093991,11.669935,13.798064,1.0768621,-3.775793,-0.04910045,-8.056041,-2.054871,-6.465234,-1.5916501,3.0024114,-2.9065192,-2.462399,0.37425563,-4.933621,-3.8983815,-3.9258308,-0.4471683,-3.0826252,0.091661975,-3.3370671,0.18642792,-4.0886393,0.9669644,-1.9901067,2.2378156,0.30880177,0.975897,2.031413,0.8582038,-1.1934549,3.045149,-0.07392793,1.4512335,-0.44368717,1.0154916,-0.52125484,2.1907914,1.3141469,2.324892,2.666811,1.3499863,0.2579031,0.564915,-0.20757915,-0.6960124,0.011281116,0.64438534,-1.0157763,-1.1263348,-0.76924485,-0.31768385,-0.8923057,0.017484954,-0.7968866,0.28505677,-0.18430199,1.0045916,-0.49567524,0.7462536,0.23802061,1.350221,-0.94117117,0.7820827,0.6981722,-0.45520306,0.45263872,0.5397909,0.043471556,1.1552985,-0.2654334,1.1067487,-0.14126456,-0.7988243,-0.5169621,0.007645746,-0.49882993,-0.116218396,-0.85557574,-0.07545012,0.2860449,0.14571524,0.3130827,-0.3576207,-0.44405332,-0.08173947,-0.23797132,0.06701783,0.16805065,0.6378337,0.2353967,-0.19080846,-0.9000518,-0.5169566,-0.600604,-0.33538893,-0.85549045,-0.5676605,-0.80559987,0.089776024,0.030421153,0.3828323,0.53755945,-0.3129174,-0.16151239,0.32412115,0.4043571,-0.33764446,0.18783492,0.0024677312,-0.07854217,-0.31386983,-0.009191818,-0.13248685,-0.21540608,-0.16079348,0.10618867,-0.2361748,-0.1090191,0.14735752,0.3061851,-0.040785223,0.36211157,-0.20520015,tutup
-271.03616,84.60266,25.186472,21.496752,13.591723,11.298557,13.194126,0.879648,-3.537898,-1.065318,-7.572316,-1.1197994,-4.4309254,-2.385537,-0.14681269,-3.2668447,-2.572768,1.8485799,-2.7122495,-0.23779301,-2.8449206,0.43106836,-1.8153689,-1.3178229,-3.7642565,-1.2061096,-5.045351,1.3412356,-3.6808746,0.047104005,-3.3528867,-0.4675194,-0.036407597,2.331302,1.2963343,3.7266557,0.79256773,3.0977905,4.030869,3.6572492,2.118539,1.4579977,-0.2544956,-1.188143,-0.7106066,0.0010242609,0.09595927,1.1077752,-2.1784008,-1.3891115,-0.7673285,-1.0377017,-1.4172403,-1.2032359,-0.37397462,-0.26482248,-0.55329776,-0.81056166,-1.8436532,-0.015251578,-2.1052313,0.013126388,-1.2631223,-0.37737992,-1.0475391,0.6209608,0.80926305,1.3571267,-0.07296214,-0.02241786,0.17315345,0.6297666,0.12599467,0.3846554,0.28757876,0.60210073,-0.16790079,-0.23631795,0.4372747,1.2614036,0.7001636,0.4279193,0.6656351,-0.38178518,-0.15002947,0.41300634,-0.07448652,-0.056775805,-0.3708613,0.0151431635,-0.09267555,-0.22530526,-0.19097844,0.2659192,0.52505505,0.4820534,-0.11320465,-0.557213,-0.57653254,-0.40807843,-0.2380342,-0.24037743,-0.33411717,-0.10962573,-0.10081578,-0.37246338,-0.12811396,-0.31998375,-0.13997647,0.037706368,0.17077282,0.23070276,-0.08971988,-0.28861192,0.043879647,-0.07881286,-0.2869132,-0.007131182,0.08474456,0.09856653,-0.013094601,-0.26078302,-0.3394861,0.06384745,0.094628505,-0.18423934,-0.29554263,-0.14906293,tutup
-273.30035,84.4789,36.89079,24.730352,14.4029,9.990442,11.648232,0.042051163,-2.5968375,-0.5314982,-8.562415,-4.1997347,-2.8904495,-2.635733,-1.6239654,-1.048925,-4.18364,-0.16624649,-2.587033,-2.4863925,-5.1354413,-1.220685,-1.8515877,-0.94647086,-2.9556565,-1.2696083,-2.9715953,1.170814,-0.8206781,1.4604369,0.06537562,1.8592858,1.0645736,2.604143,1.7103506,2.1628485,-1.2233309,2.3187783,1.7068928,0.23445639,-1.3150355,0.40575594,-0.8171567,1.9731947,2.2938707,3.3946748,1.3207172,1.3842742,-1.4883764,0.11417779,-0.32515296,-0.52516073,-1.4783232,-1.0433336,-1.4818207,0.122632995,-0.978136,-1.2755115,-1.6878809,-0.27439886,-2.0149028,0.7202314,-0.02467889,0.77921855,-0.18911874,0.3116414,-0.21503985,1.0433096,-0.19243076,-0.30632252,-0.11658061,0.7695975,-0.16317835,1.4091827,0.7668488,1.2627234,0.34101588,-0.09218037,0.07359003,0.22548528,-0.2353683,0.031912364,-0.5615247,-0.21665782,-0.06175623,0.046666645,-0.18320516,-0.011468205,0.44394174,-0.23252764,-0.1406445,0.3751988,0.691338,0.31494558,0.14269911,0.4068229,0.088034935,0.13422604,-0.091259055,-0.08057998,-0.45508805,-0.6501274,-0.24838084,-0.1947888,-0.39532456,0.11933943,-0.19627568,-0.36863282,0.12051516,0.2152562,0.43842456,0.42641148,0.3259819,0.13323338,-0.14102261,0.36981717,0.09729171,0.0697674,-0.041412324,-0.21195228,-0.07339364,-0.25785062,-0.3274532,-0.009425266,0.16807947,0.2765124,-0.46594474,-0.0022249222,tutup
-251.06624,77.06529,30.027086,19.927792,12.549137,10.476683,10.57377,6.496579,-0.8649684,4.3188515,-5.8994904,-4.4458537,-4.288785,-3.6898735,-3.5515687,-2.807223,-3.5104265,-1.0596005,-3.0617623,-3.5211337,-2.4393616,-0.6057807,-1.9049397,1.5471368,-1.246284,-0.5544187,3.349737,7.3478184,4.666871,6.7258835,-0.24772577,1.340834,-0.9851699,0.8983826,-0.22062014,1.271408,-0.7806781,-1.4297328,-1.6426182,-1.879233,-0.52313447,-1.2272755,-2.2627223,-0.041472934,-1.0794588,1.0692589,-0.51037025,1.6647742,-1.4060235,0.7429307,-0.9624888,0.09903314,1.0729014,1.0934484,-0.7337628,-0.03193696,-0.15776767,1.2075899,1.0628597,1.7599101,-0.3117263,0.62776613,-2.05476,1.3098683,-0.5779855,0.3435372,0.48361823,1.6157588,0.2776548,0.47140065,1.0396745,0.08310418,0.6173153,0.5093882,-0.35442355,-0.11613558,-0.41521224,0.27847943,-1.3954936,-0.18506266,-0.29756257,-0.41390374,-0.5213685,0.08199853,-0.6257368,0.22992985,0.77625006,0.02106475,0.7826945,0.24171501,0.17853528,0.10423619,-0.18823065,0.21683902,0.29286128,0.56810963,-0.4389504,-0.5500908,-0.6730339,0.14965715,-1.0033786,-0.7996711,-0.3237822,-0.11954766,-0.13704413,-0.040229816,-0.7241353,-0.23330785,0.15652661,-0.12632017,0.21179038,0.30627748,-0.5318604,-0.16092539,0.2922101,-0.0154919,-0.013464865,0.15070212,0.14589131,-0.41962805,0.14226913,-0.21376745,-0.8709809,0.015466113,-0.061004538,0.280056,-0.020738117,0.32832915,tutup
-263.04477,87.91499,31.911505,23.241133,12.021617,12.996663,12.569806,1.4857615,-2.5915663,-1.0152695,-7.4834447,-3.0007248,-4.124569,-1.6262424,0.53233415,-2.7544227,-1.9778147,1.2289809,-3.652057,-0.634667,-2.1031947,-2.0041995,-2.3137248,-0.43256566,-2.9602556,-0.37616828,-3.118655,1.6434926,-1.6711509,0.796479,-2.985104,1.3258833,1.3306286,1.0287452,1.7645116,1.5707989,-0.41419736,0.6418957,0.44322336,-0.5475831,-0.9293775,1.6801822,-0.25338373,3.3129313,1.4194292,2.439889,1.0700015,2.8431528,-0.9637938,1.3384272,0.5952582,-1.1096113,-0.95517594,-1.27902,-1.3257625,0.09547332,-0.72585064,0.23841855,-0.86133295,-0.36168897,-1.5253133,0.61100316,0.49578786,0.30369076,0.5014268,0.55256516,-0.40273085,0.8640753,0.36590487,0.046647415,0.33814928,0.7134805,0.060760844,1.4284152,0.44823852,-0.117622204,0.296654,-0.32159558,-0.2684466,-0.11811739,0.11993705,0.14650747,-0.7579218,0.009338485,-0.86833584,0.40132794,0.13278462,-0.48607978,0.19947056,0.9516724,0.6416255,0.5430855,0.45611748,0.42510325,0.2621871,0.3286843,-0.07901029,-0.45634085,-0.5175925,-0.13353589,-0.25574064,-0.43361056,-0.34332937,0.7437116,0.22618273,-0.28988826,-0.11642249,0.08354046,-0.21214524,-0.4571194,0.04328868,0.10457311,0.39564896,-0.08221913,-0.24245737,-0.17946912,-0.076391086,-0.028443135,-0.35003805,-0.20430481,-0.20679176,-0.27243564,-0.18496707,-0.19143991,-0.24785914,-0.32949612,-0.0118406005,-0.5942244,tutup
-251.73813,87.44499,29.161848,23.71735,8.490286,11.84911,15.264371,-1.6798301,-4.7694054,-1.7217853,-10.969117,-1.1506118,-6.81466,-1.2440279,1.5035865,-6.196983,-2.6838732,1.4828569,-4.010109,0.33242512,-0.66475815,-0.3830333,-1.5936279,-1.9422914,-4.2091513,-0.60716146,-4.9937186,3.4721007,-1.6556122,-0.08783563,-4.3151937,-4.2543874,0.15471192,-4.5402417,-3.693946,-1.2548541,-2.809298,3.6482987,8.802133,10.134918,7.1018143,5.138961,-1.228837,-0.1213058,-0.55431837,1.5967978,2.2295446,1.2610183,-3.229191,-1.0559134,0.7649421,0.5866845,-0.911504,-1.753152,-1.6879812,-0.9677292,1.2000281,0.50183314,-0.46794388,-0.121820204,-2.339085,0.78839386,0.34482622,-1.8406405,-1.0555953,0.8525822,-1.0252666,-0.09738885,-1.4963032,-0.6696735,1.3936934,-0.685427,-1.742214,-0.20321912,-0.26518366,1.250878,1.3587252,0.7867052,2.075263,0.92450005,-0.6710671,0.43874076,-0.2950247,0.6773467,-0.5298964,-0.74340534,0.48156044,-1.320747,-0.83365613,1.262748,0.29680642,0.10840089,-0.23731999,0.15953629,0.62706864,0.4838102,0.23289384,-0.44402897,-0.8790238,-1.0628209,-0.88866943,-0.2066546,-0.4345837,0.115652926,-0.19244377,-0.3689434,-0.5322411,-0.08203727,0.124158636,-0.3029108,0.73817056,0.42453754,-0.41347688,0.33038762,-0.30694968,-0.9973429,-0.43605798,-0.11427543,-1.1206197,-0.21264638,-0.25675288,0.025503272,-0.46309444,-0.32883894,-0.39874497,-0.4848462,0.04148667,-0.014800732,tutup
-240.50467,88.983185,28.742617,19.1219,10.644271,6.3771753,15.121198,4.1433334,-4.218172,0.67962646,-10.448014,-2.722364,-6.031031,-0.52917194,2.6025832,-3.4126425,-4.8656473,1.4080404,-4.447386,-2.914476,-2.369556,0.6120591,-4.2737055,-1.0273381,-4.7923617,-2.1148849,-2.8993273,3.161765,-2.6544845,0.4137033,-2.8475099,-0.67962456,1.2221788,-0.21158254,-0.8304237,3.2443116,-4.5608764,-1.5104116,-0.9685618,0.3306589,-0.4720236,4.201279,2.637377,2.4927218,2.6692743,0.89726996,1.3521037,2.0815752,-0.108053975,0.15962206,0.69861495,-1.1755292,-3.4096863,-1.7303705,-0.68239677,-1.0945822,-0.050569892,-1.1272699,0.014632878,-0.033188738,-2.179413,0.9114477,-0.7145867,0.53388107,-0.8052187,0.91478574,-1.5441834,1.0436966,0.6464748,0.65175736,0.034396194,0.37915918,0.21487625,0.6737464,1.2004472,0.9416436,-1.7142105,-0.33753237,-1.2989231,-0.69647694,0.11683479,0.36110425,0.79695857,0.8345908,0.50846636,0.5149011,-0.31229427,-0.25596204,0.33333707,0.3706262,-0.03180479,1.4447173,1.0826576,0.52541536,-0.03750815,0.5930757,0.09939415,-0.54693544,-0.85238457,0.17214674,-0.66253257,-0.44614014,0.2454255,0.44432566,0.16929568,0.2663958,-0.062218513,0.47305775,-0.6297468,-0.35903618,0.6436247,0.008610175,-0.5289084,-0.23734015,0.39507782,0.23099726,0.19523457,0.49915636,-0.14234494,-0.027781812,0.107500605,0.2851137,-0.13785498,-0.3507223,-0.04889348,-0.26023158,-0.21989302,-0.37295434,tutup
-284.70734,78.36327,33.62942,25.26829,14.197722,10.593899,14.651461,7.3356023,1.0094887,4.5916376,-4.8172245,-1.2888602,-2.5569327,-1.1835347,1.8422729,0.053984966,-5.451353,-0.011575024,-4.578937,-3.501192,-3.412215,0.31836668,-3.2284524,-0.77929795,-2.0235503,0.65365475,-2.6126802,3.2263055,-1.5442426,-0.64342886,-1.2012323,-1.93149,0.7114779,-0.5060626,-1.6108055,0.7916582,-1.9763014,-1.3714082,-0.99652404,2.3856683,1.2584418,4.90475,3.0843658,3.590069,0.792817,0.32664567,-0.9807975,0.696449,-0.1833879,1.2248324,0.5111968,-0.5628979,-1.7479026,-0.5999389,0.07967913,-0.85221165,-0.89660466,0.5743615,-1.8851357,0.44480652,-0.39787173,-0.7548972,-0.76013386,0.8777788,-0.26568305,0.12280121,0.2916126,0.67901576,0.89880574,0.9307663,0.4653785,0.8392944,1.1574157,1.7341559,0.31054315,0.38152677,-0.00047335992,-0.47421402,-0.73766935,-0.7520739,-0.18038015,1.4239807,0.2810011,0.2663891,0.080654055,-0.4036959,0.13570264,0.037746,0.21878192,0.97780067,0.72047806,0.46928146,0.50030893,0.14306736,0.23330596,0.18894243,0.5591347,-0.24564567,-0.62354136,0.6828346,-1.1357276,-0.80631226,-0.4931262,0.7004196,0.06667181,0.11120219,0.2422403,0.64419323,0.39309123,0.22109945,0.6825025,0.5362081,-0.31933236,0.023296071,0.3148861,0.014819439,0.17548198,-0.2822735,-0.24003486,0.06876857,-0.35112888,-0.9845879,-0.38575175,-0.30337155,-0.6153793,-0.26728943,-0.14847234,-1.1498687,tutup
-283.59152,81.20304,34.741215,23.801119,13.524138,10.582634,15.851285,5.3180656,-1.722503,2.807273,-7.307913,-3.1200058,-3.084574,-2.0030448,2.107664,-2.8531733,-5.829982,0.9536163,-4.2316103,-1.8984988,-3.5424974,-0.80136794,-1.8057157,0.3303229,-3.5489614,1.6172853,-3.2564218,3.4293995,-1.6002096,1.5446731,-2.0712738,-1.3043851,-0.32550701,-0.24586076,-0.773003,1.4388667,-1.5158777,-2.9687648,-2.5023975,-0.31083605,0.93045264,7.391886,5.903688,5.184017,2.388335,-0.67815524,-1.735729,0.90849566,0.36384887,2.3260908,1.8415908,-1.2465352,-0.7560394,-1.3336625,0.2771366,1.1170805,-0.35269192,-0.60322106,-1.7314199,-0.12863207,-1.5733675,-0.35088214,-1.1670808,-0.44778797,-0.26420954,0.42947316,-0.5904345,0.2692793,0.7678836,0.5773993,-0.53389966,-0.13171132,0.07799206,0.42217347,1.1601393,0.17815906,-0.76771224,-1.0541297,-1.2085042,-0.8326731,-1.268382,-0.17930685,0.5798757,0.77018756,0.3608407,0.937487,0.6306554,0.2030077,0.30282742,0.47615552,0.85947526,0.2500498,0.1105842,0.5896524,0.30468562,0.048608605,-0.29689267,-0.45045623,-0.04171252,-0.18235818,-0.7138549,-0.3311672,-0.7754688,0.024118073,-0.0017655373,0.94994366,-0.20919554,0.1931878,0.24865054,0.39139804,0.24467258,-0.19314532,0.20132981,0.04972604,-0.09231499,-0.7099526,-0.37105846,0.06506998,0.01150213,0.034901064,0.027153205,-0.44094074,-0.012318369,-0.2855251,0.0395388,-0.10456424,-0.29759222,-0.7805694,tutup
-236.69832,92.50889,36.189148,26.308998,10.799323,10.542241,14.462566,-0.12272588,-3.1684675,-0.67163414,-9.197726,-2.3678796,-7.0209684,-1.8721261,5.629254,-2.6868634,-3.7753184,-0.78553975,-6.790163,-5.706833,-2.8036184,-0.86259556,-2.8343785,-2.6207545,-7.409942,-1.6203824,-5.70194,2.5865347,-0.18557164,4.6101546,-0.14550737,0.565034,1.1692342,-1.3543197,-3.3143754,-0.60922915,-4.041408,-1.8752749,-0.5310788,2.8223531,2.4436002,6.152983,3.1324313,5.0329595,0.8763794,0.12949444,-0.15729214,1.7729076,-0.69713944,-0.29340467,0.86653113,-2.14543,-1.552632,0.08863207,-0.7780062,-0.7916114,-1.0341216,-0.52275485,0.013585296,1.7050728,-0.7149388,1.284805,0.5802831,1.7486209,0.7185112,0.71958494,0.49291876,0.63282,0.4788133,0.59063315,-0.23925897,-0.44295317,0.44323307,0.36455762,1.1087639,-0.95537317,-0.650621,-0.4438341,0.048308797,0.34537452,0.88480127,1.3461618,0.52568793,0.7006364,0.108809926,0.71720433,-0.9613656,-1.0044965,0.08362773,0.41805482,-0.35763034,-0.30276424,-0.12708606,0.29856792,0.28550526,-0.16788603,-0.056531277,-0.77817446,-0.7029395,-0.10302136,-0.97963303,-0.55734324,-0.3288771,0.44841656,0.030473411,0.5437676,-0.0024822713,0.2054832,0.39018705,0.3244686,1.0432485,-0.0075321198,-0.55421984,0.17681183,0.2897543,-0.2665571,0.19311018,0.18522736,-0.046853647,0.68361264,-0.00631383,-0.45933372,-0.7828339,-0.35421404,-0.08963877,-0.1585603,0.009096322,-0.48777854,tutup
-237.37964,86.99734,33.047207,21.96538,14.372621,6.7110176,17.001705,-1.5371735,-2.6440613,-4.467394,-11.155222,-1.5427332,-7.8318014,-1.448102,4.6301794,-4.599202,-5.478647,0.08959877,-5.385951,-5.239727,-4.637,1.6558849,-0.6570855,0.85292685,-4.9448977,0.34585834,-5.211326,3.0549047,-0.42636722,7.561874,2.9679074,2.739089,4.544328,0.2548759,-4.724209,-1.697711,-6.3179812,-3.1364067,-2.2162342,0.025839875,-1.6325164,3.2453024,2.0890987,2.7879846,0.95631355,-0.13575822,0.5177191,2.687396,0.8539812,1.3940871,1.11479,0.4319532,-0.5576811,-0.060993254,-0.12503286,-0.12426441,0.0329261,0.03789967,-0.1762072,1.1997994,0.24565095,2.0671964,0.5953747,0.6945729,-1.5773442,-0.0066807345,-0.7153685,0.015006201,0.24723655,-1.2852364,-1.6045958,-0.6532453,0.14870828,0.5515703,0.3901216,0.2652998,-0.49260834,-0.4619323,-0.14799696,-0.04893008,0.8906762,1.4573851,1.2855625,1.5316927,0.53032476,0.24473847,-0.7007847,0.5119375,0.8310807,0.4311233,0.05947382,0.13615824,0.19620204,-0.4391892,0.29254952,0.002899324,-0.42010918,-0.618908,0.14995241,0.28087902,-0.17872833,0.1250586,0.0263828,0.68842363,-0.028998846,0.6582165,0.8041646,0.6223511,0.15614355,0.44292116,0.8489005,-0.35630792,-0.56107926,-0.10912588,0.1329811,-0.6757207,-0.21002497,0.71626145,-0.19233589,-0.045624513,-0.7315694,-0.21855265,-0.8492474,-0.69782805,-0.667464,-0.6435221,-0.2832592,-0.37508452,tutup
-258.4378,83.57645,27.402376,23.043783,15.888552,12.444002,17.156694,0.4269554,-2.6236775,1.011097,-6.3593416,-1.5981965,-3.7124999,2.0054066,2.7469015,-5.207496,-2.4770093,3.5430408,-3.83781,-2.8827856,-2.4159753,1.1074433,-0.9765757,-0.8764663,-3.854103,-2.295941,-3.3634968,1.7561713,0.49703357,3.710637,2.094506,2.1181822,2.919072,3.6999779,5.6753283,8.890601,2.483615,4.8248396,1.0813268,-0.2845433,-3.2921522,2.2812963,0.5241733,0.69198924,-0.080203086,-0.4894097,-0.03706715,2.5385692,-0.8373722,-1.3152938,-2.0281825,-0.690033,-0.5171728,-1.2761039,-1.577797,-2.202358,0.049170397,-0.392516,-0.78191453,0.83933747,-0.86702174,0.4457943,0.15893704,0.123089366,-1.1974199,1.396599,-0.58727,0.8768185,2.0055947,1.9164635,2.6993496,2.8324852,1.818106,1.0777688,1.0812675,0.27604586,-0.005999954,-0.075800136,-0.18483832,-0.764889,-0.18430908,-0.14496516,-0.75011635,-0.60374016,-1.0403265,-0.3268681,-0.1528417,-0.61832684,-0.70681965,0.09064105,-0.35779747,0.37917942,0.29118556,-0.33798343,-0.688955,0.30427855,-0.41350672,-0.87927383,-0.6758089,-0.059794944,-1.2448876,-0.6741857,0.14288588,0.31463963,-0.37939656,-0.016246336,-0.0078676,0.15899801,0.13239568,0.19945931,0.6159408,0.6994954,0.10435496,0.4082626,0.7584528,0.51154226,-0.1864417,0.08745511,0.01978513,0.805945,-0.32729504,-0.18249992,0.33863914,0.24096431,0.303372,-0.3052367,-0.32232457,-0.38985926,tutup
-258.23203,83.90487,34.881203,20.114601,14.91393,13.482584,12.611575,1.1605135,-2.3453937,1.038898,-5.428726,-0.8103923,-4.642218,-2.1761923,-0.03835923,-2.8848176,-2.1457458,1.1252624,-3.3923283,-1.5145385,-1.6791656,-1.6958185,-3.134506,-0.93480754,-3.4163284,0.28058705,-4.410279,1.8693058,-2.1087322,0.39811057,-3.9242394,-0.69977,0.20947981,0.37449986,0.9248347,4.1704855,2.7754436,5.292989,4.9939737,3.262497,0.44616863,1.329677,-1.5094677,-0.19665624,-1.3799038,-0.292859,-0.13886154,1.950221,-0.8477682,-0.18330131,0.98991865,-0.35939443,-1.5205142,-1.0623579,-0.84411126,0.21464635,-0.6527799,-0.7531188,-1.3440747,-0.044314384,-0.6765317,0.3375107,-0.5832371,-0.27931273,-1.3881882,0.21116033,-0.55432665,0.9243513,1.3539953,1.7565749,0.7332802,0.84860855,0.6360069,1.2312857,1.8327165,1.1698345,1.9560031,1.1810026,0.3437408,0.976444,0.335821,0.22347705,0.1974402,0.6264823,-0.3861142,-0.11655948,-0.08419794,-0.28674692,-0.23784134,0.16381282,-0.10551429,-0.2872956,-0.40600044,0.021434406,0.21946898,-0.104111254,-0.81557024,-0.49808642,-0.5120871,-0.58931595,0.042520627,0.09679621,-0.56738245,0.3268265,0.17895886,0.30739945,-0.23324934,0.084841475,-0.46428487,-0.044403672,0.3410182,0.04376294,-0.60912716,-0.040721554,-0.24335097,0.03667542,-0.3762072,0.020972688,-0.39278826,-0.29989386,-0.17991333,-0.6300169,-0.18627647,0.003332769,-0.07014521,-0.8895742,-0.32612586,-0.25623366,tutup
-265.3449,88.82427,34.42157,23.281677,12.895451,12.437013,14.675705,2.788195,-1.0128636,-0.87221986,-7.578903,-0.45705572,-1.7395741,1.2067078,0.86437553,-3.0972328,-3.7621262,-2.113865,-3.70218,-2.1521006,-0.729465,-0.35903072,-2.022182,-0.656643,-3.924905,-0.7213173,-3.5252953,3.2832851,-0.5634798,1.9999266,-3.6985164,-1.5239776,-1.8995783,-1.6589808,-0.68883544,2.140562,2.2643065,2.7683334,2.0512865,2.5574307,1.5023202,3.8447168,2.3889318,3.8949888,1.7653772,0.3155041,-0.6292076,2.8045235,-0.28479064,1.1602931,0.14558756,-1.5665616,-0.58679104,-0.47733507,-0.98759705,0.047278326,-0.22143668,0.33836392,-1.1725974,-0.64893985,-1.6404142,0.49896112,-0.49139482,-0.8286771,-0.13554806,0.6188337,-0.47897092,0.5927393,0.85947484,1.2441642,1.1796986,0.7192028,-0.22871844,0.6116878,0.8523029,0.3734777,0.9492006,0.25379172,-0.2215519,-0.43046644,-0.66758245,-0.068781786,0.10170783,0.3112985,-0.36540017,0.4555722,0.24211064,-0.39495268,0.2772615,0.6122809,0.19816165,0.0469075,0.08088719,-0.21531951,0.20792684,-0.0056549916,-0.42648408,-0.0268583,0.09479402,-0.44264594,-0.21509176,0.1034883,-0.032924768,0.8630308,0.961177,0.47912845,0.43909818,0.29033947,0.62319434,0.6219224,0.8655869,0.19557936,-0.76311094,-0.1583911,-0.30798548,-0.02244656,-0.13935885,-0.5091359,-0.33357486,0.31831077,-0.013600841,-0.45635998,-0.68937737,-0.6652211,0.029908381,0.38761872,0.22992837,0.22783528,tutup
-280.61227,83.17845,31.30226,25.083021,11.906038,11.442958,9.731907,0.4069029,-0.7092154,0.2605953,-8.49389,-2.6903942,-5.68113,-0.62482274,0.46843,-1.7014029,-2.4736266,0.088269144,-3.1690757,-3.7152698,-4.621709,-2.731288,-3.7912807,-1.4919957,-3.47725,-1.3394817,-3.329579,2.8149667,-1.8496506,3.5150337,-1.2693737,3.407547,2.4818413,2.7073786,1.260485,2.9078863,-1.9688671,0.6622071,-0.4533757,-1.0405929,-1.6072462,0.4284185,-0.693834,2.0830998,1.141614,1.5307391,1.4996464,2.6784143,0.71035075,0.85361886,-0.73323375,0.5015892,0.23062061,-0.5303946,-1.2597643,-1.0626327,-0.3340916,-1.0398382,-0.8568944,0.54147637,-0.9276918,1.07195,0.6271352,1.1276654,-0.73101276,0.027149597,-0.19282077,2.178916,0.62335825,0.9973769,1.126171,-0.59700716,0.51442075,0.47701964,0.1964874,0.7062074,0.08684495,0.28992558,-0.46405208,-0.9764452,-0.5410832,-0.59461784,-0.08029853,0.3414585,-0.3755676,0.40043274,-0.43250796,-0.3613392,0.5765063,-0.019686045,0.28921413,0.3587804,0.19749224,0.98515517,0.5503844,0.45501018,0.038529966,-0.5834594,-0.79424644,0.20247395,-0.46326876,-0.224647,-0.40876478,0.24949901,0.021373972,0.06804484,-0.13994388,0.070917845,0.60233086,0.27695787,0.03949395,0.063924804,0.16144754,-0.041600764,-0.21021973,0.1177729,0.38874632,0.4083367,0.039400645,0.23030071,-0.15041982,0.11814298,0.27757937,-0.042448997,0.026896777,0.21592319,0.11828928,-0.32895118,tutup
-286.0601,76.93999,32.16875,22.513016,15.133446,14.035214,13.061723,1.9880948,-2.9114084,-0.82669264,-7.4201016,-2.5764298,-5.611138,0.2986277,-0.3343294,-2.4574966,-1.3234384,-0.13457519,-3.345601,-2.4808047,-3.9973576,-1.0806036,-4.559024,-1.9503899,-2.9802916,-1.5723383,-2.6271613,2.6863914,-1.0911665,5.137561,0.1921668,4.0605774,4.183954,4.5525236,3.8456979,2.4071395,-2.0436316,-0.7668644,-2.1524024,-0.8873985,-1.3544118,-1.0504605,-2.4001405,-1.259559,-0.7688311,-0.16629149,-0.14611045,0.48625374,-1.6845243,0.7501998,-0.17492537,1.1142075,-1.3247286,-2.0307107,-0.12237973,1.1356868,0.025354356,-0.3865344,-0.28227863,-0.4201035,-1.5740693,-0.6963292,0.42049062,1.0128995,0.67924666,1.8540987,1.2836539,2.4936898,0.6443475,1.1686066,-0.14495829,-0.47459581,1.2799462,1.6162028,0.7376497,0.26303858,-0.7767523,-1.176685,-0.9327816,-0.60565335,-1.0552247,-0.5036077,-0.30282843,0.8602658,-0.41678286,0.04583566,-0.5511345,-0.59226495,-0.24835762,0.22550923,0.4271394,0.19414715,-0.07351736,0.58562505,-0.072762966,0.19057216,-0.3891027,-0.53572553,-0.58530986,0.053890996,-0.65795684,-0.21232258,0.14757052,0.24944927,-0.40339,0.03473854,-0.25609764,-0.317407,-0.3150296,0.38477942,0.5120966,-0.28004947,-0.5001229,-0.3098959,-0.31370217,-0.122521915,-0.17836165,0.0418403,0.10190456,-0.13314514,-0.4317501,-0.09872785,0.022852806,-0.053178377,0.12029006,0.13839455,-0.2810456,0.0779468,tutup
-272.73746,75.37813,32.708824,22.032042,15.080378,12.457282,10.244304,3.8928154,-3.0233157,3.8144944,-8.155252,-3.976409,-0.8420125,-2.0570338,-2.7481697,-0.114990145,-3.358076,0.81389636,-2.9898875,-3.3626013,-2.5254014,0.2968574,-3.0848129,0.07810942,-3.6417787,1.9393159,4.3388867,7.127858,5.313687,4.1225004,0.15612267,0.06833812,0.46454036,2.930624,0.8658395,-0.04211372,-3.2660463,0.40494287,-2.7179036,0.43457034,-0.51898617,-3.029649,-1.9293443,-0.9786655,-0.60181236,-0.64193517,-1.5332447,1.1660442,-2.342123,-0.20237553,-2.0965488,-0.09664741,0.12993146,1.329802,1.7514532,1.5372943,-0.15204245,1.2652444,0.58305603,3.096876,0.59751934,0.4736558,-1.7073734,0.41264415,-1.121788,-0.07325802,0.9900527,1.1744362,-0.8319754,-0.9576208,0.8077467,0.68596107,0.45150018,0.8159777,0.12587799,-0.0047322293,-1.2217151,-0.18912973,-1.3115413,-0.53120816,0.75519836,0.17580701,-0.7576301,0.3281267,0.23114285,-0.2878644,1.2387314,0.65119755,-0.5020498,0.028182158,0.94493306,-0.5322061,-0.039626673,0.6374301,-0.2598275,0.6908069,-0.027749345,-0.76447123,-0.2949035,0.48077968,-0.84861445,-1.1385455,-0.18727247,0.08742809,0.107980154,0.6453638,-0.75055194,-0.45274538,-0.46211746,-0.1539982,0.88794357,0.17156596,-0.70986044,-0.17110495,-0.5537401,-0.04475526,-0.40392363,-0.4192697,-0.3683423,-0.1955697,-0.52255565,-0.66626596,0.4409239,0.29802614,-0.07332943,0.009805973,0.11022185,-0.20827845,tutup
-251.15007,78.283905,30.89249,23.146944,12.430367,13.5723915,12.382575,2.4131703,-0.5039415,4.59404,-7.445028,-3.388386,-3.7342207,0.48272574,-0.96369684,-3.2229583,-3.302251,0.103987865,-5.276462,-3.759754,-5.5277658,-2.4408872,-3.3469946,-0.05841265,0.38174534,2.5313625,0.4200007,6.4523907,2.188943,3.065881,1.4602783,4.340265,0.7296741,-0.85403913,-0.5451919,-0.92405576,-1.9248754,0.5371044,-0.15305603,-2.8783512,-2.3506224,-1.5635136,-0.93391424,-0.52032214,-0.64279336,-0.9911202,-0.54733056,0.5062723,-2.0370157,0.26885805,0.92769134,2.5588405,-1.5695207,-1.7380247,-1.4893007,-0.33889595,-1.2091554,-0.17214422,-0.14584978,1.1473576,-0.022085601,1.6312927,-0.9216797,-0.4164373,-0.19916622,0.045741998,-0.912325,0.8590324,0.413123,0.6777822,-0.82343495,0.26704803,0.99756014,1.104781,0.84111947,1.1660373,0.61428654,0.20616448,-0.0837921,0.041263606,-0.35795033,0.027075924,0.11880009,-0.052204,-0.027322207,0.33313596,-0.44624048,-0.021210933,0.40399224,0.11958377,0.8891907,0.26291335,-0.30252558,0.4709147,0.06376707,-0.03696478,0.027034115,-0.26042745,-0.42940965,-0.026575483,-0.61318487,-0.42834887,-0.17235872,0.41052306,0.44800124,0.11693671,-0.4626647,-0.10277759,-0.059203926,0.15217103,0.2564584,-0.1616683,-0.73511696,-0.6391109,-0.578477,-0.18699497,-0.57675606,-0.8393839,-0.16461407,0.59907085,0.24938686,-0.33279234,-0.3615407,0.18173441,-0.016429285,-0.0547725,-0.022200827,-0.13118735,tutup
-274.5193,88.06889,37.911274,21.544683,12.197605,13.333936,10.91583,2.1937644,0.19345607,-0.84821147,-6.1914887,-2.3782887,-3.8015392,-0.12657893,-0.7221816,-2.0827367,-2.5216887,2.0845296,-2.943313,-0.5902879,-5.208512,-1.5534416,-3.6013489,-3.021303,-2.5445297,-1.0379951,-0.85487086,1.8396331,-2.0243075,2.0987568,-0.71658194,3.9538667,2.8540106,2.405568,0.63991743,0.37253416,-2.5676062,-0.5450369,0.027745012,1.7532175,2.20155,2.149967,0.2985923,1.151385,-0.47727033,1.2535871,-1.1422728,0.5704262,-0.2706652,0.34333414,-2.2604692,0.28507802,-1.618336,-1.0300276,-0.76159203,-0.33606803,0.51190495,-0.03211771,-0.8155717,0.9814117,-0.574356,0.7648529,-0.51430875,-0.2635131,0.1442957,1.6493429,0.5296986,0.62039244,1.126006,0.51497024,0.605698,0.5434543,-0.46515796,0.026321085,0.57553554,0.40602142,-0.41461146,-0.8658316,-1.1347189,0.061520785,0.0029782588,0.51659805,0.12274368,0.46583834,-0.070233434,0.34270942,0.35195178,0.698943,0.5384584,-0.25759056,-0.21423204,0.2814734,0.35808828,0.8428722,-0.11793423,0.22333042,-0.21569031,-0.45342433,-0.42865318,-0.31885296,-0.737254,-0.80834955,-0.046533246,0.48956737,0.12363908,-0.14331272,-0.20474848,-0.07697752,-0.40267676,0.1445706,0.06024015,0.16941188,-0.36684322,-0.08547837,-0.35961616,-0.4570576,0.21118718,-0.087444074,0.21919654,-0.013712934,-0.33411294,-0.36652905,-0.35246205,-0.006888793,0.024406713,-0.02288043,0.10254688,0.2497455,tutup
-254.7757,83.6197,29.385967,24.638523,11.096374,9.78842,16.33782,3.1708968,-2.3306682,-1.3513242,-8.599603,-0.34766194,-5.9356637,1.6791111,1.7386384,-5.1050873,-4.6698103,1.1519302,-3.6860173,-2.7940145,-2.7941065,-0.22151011,-3.073073,-2.8077536,-3.1502116,0.006397429,-2.9321911,3.0597808,-4.7435217,-0.42959023,-1.842912,-3.1541429,-0.9463984,-1.8691574,-0.8722079,4.17837,2.643939,4.111543,4.1794086,1.4457197,1.0974928,4.7890368,3.479328,2.377656,1.0305325,0.41500247,-1.3100102,0.04491283,2.1225889,1.1779433,-1.7340279,-1.120968,0.00705098,0.6919314,0.8832497,-0.33411887,-1.1549697,-1.3180273,-0.7579884,0.51419336,-1.0831513,-0.4949385,-1.0886387,0.40748504,-1.6979073,0.064321935,-0.9897479,-0.15331721,0.17511556,-0.11985326,-0.036968134,1.7128124,1.9724915,1.34411,-0.08362163,0.10457175,-0.56110835,-0.7960706,-2.106124,-0.63575965,-0.44486794,0.97144604,0.69740385,0.5698407,-0.086045645,-0.32487273,0.033561468,-0.6566533,-0.4252869,0.7810819,1.3402431,-0.035478488,-0.46091104,0.43713954,0.031742603,-0.143864,-0.47278264,-0.5038946,-0.75729525,-0.30795047,-0.29523492,-0.378838,-0.29890776,0.7419226,0.2462404,0.11487977,-0.04035257,0.24064907,-0.44743273,-0.43270564,-0.19631085,-0.30719668,0.18098767,-0.23414987,0.12576889,-0.21599998,-0.39110172,0.011965537,-0.07290235,-0.31139433,-0.8633522,-0.33629328,-0.17308761,-0.38030523,-0.5192655,0.3665795,0.05264738,0.17602503,tutup
-238.84024,93.7244,28.754034,21.85329,8.733455,9.76633,14.798621,-1.5059774,-3.4912949,0.695872,-9.405446,-2.7864945,-4.061959,2.718482,1.8313415,-5.699724,-5.1884,0.9867544,-5.06822,-2.8075283,-1.1390799,-0.046207577,-3.8016758,-1.6499581,-3.4956841,-2.348687,-0.5884617,3.5617535,-4.6492977,-0.5190523,-2.565488,-3.5013094,-0.08884265,-3.809944,-2.8092756,1.6018797,-1.7367501,4.642611,5.0885143,4.902466,4.771735,5.197588,1.8021293,1.356739,0.60767895,0.27505046,-0.98567694,-0.042097446,-0.19224979,-0.83709604,-0.8485414,-1.2241253,-1.5932088,-0.3170827,-0.076923095,-1.6800549,-0.4243794,1.0998414,0.22888958,-0.32179385,0.22092217,-0.072221555,-0.6039644,0.96198225,-0.8261882,0.4652566,-0.5639222,0.41815472,0.3604748,1.3979579,-0.5731356,0.53283423,0.72740746,0.40959883,-0.7472663,0.18707618,-0.9323345,-0.11174191,-0.4467523,-0.18331586,0.5055424,0.644411,1.1185292,1.4912153,0.7013142,0.20946364,-0.15867825,-0.24741575,-0.150873,0.27984554,0.7451772,0.47918728,-0.11456423,0.6136366,0.1527286,-0.014680415,-0.3294679,-0.6993029,-0.9428019,-0.78817415,-0.530529,-0.48542675,-0.33944988,0.028454553,0.14130141,0.07489736,-0.4196783,0.11490132,0.0894549,0.14073649,0.19162695,-0.104993224,-0.031046636,-0.68385756,-0.121449016,-0.16434713,-0.59850335,-0.22840017,0.3457068,-0.20958991,-0.2028012,-0.4136118,0.051089242,-0.08982078,0.64310557,0.17030588,-0.053887624,-0.5134893,tutup
-269.75317,84.37279,29.500643,22.792763,9.631476,13.433549,17.692415,-2.8117156,-4.9978676,-1.3299522,-8.74156,0.13306007,-7.185932,2.5233252,1.3437454,-6.1133566,-4.8831735,1.4847969,-3.1419268,1.0344611,-3.1222308,1.4548717,-3.4029915,-3.1657102,-2.022511,-0.9288967,-2.081796,3.3091354,-4.6766305,1.0075947,-3.6668687,-3.968811,-2.4762537,-2.7385135,0.6837251,3.187411,0.57921326,5.363738,3.4753907,1.4650352,1.6995258,3.6996822,3.799342,3.4740355,1.9813232,0.6937432,-3.0948598,-1.7546211,1.5446097,0.6810161,-1.448603,-2.1462462,-2.2775009,0.014951125,0.85465354,-0.7119669,-0.29038632,-0.9127202,-1.4487493,0.23687236,-0.3354327,-0.7046798,-0.16264129,0.6153549,-1.2090496,0.60761625,-2.2661426,-0.8004907,-0.12667084,0.04206412,0.25219968,2.616394,1.8092016,1.7128118,0.09914256,0.16590783,-0.3250466,-0.67418176,-1.0353674,-0.19712691,-0.26382154,-0.042525943,0.8706361,0.8414675,0.7214737,0.8352998,0.4028987,-0.735869,-0.39441314,-0.22953829,0.39482105,-0.4197995,-0.8295973,-0.121589385,-0.7942472,-0.044421114,-0.70431745,-0.5449099,-0.6206946,-0.39811406,-0.3530908,0.018659284,-0.09290102,-0.05507191,0.2911883,0.44717154,-0.08771601,0.11885464,0.092998266,-0.34125867,-0.13737826,0.11569565,-0.5478214,-0.4424725,0.14587554,-0.70776975,-0.5630527,-0.4514373,-0.2149133,-0.79554456,-0.57933414,-0.2124774,-0.33848253,-0.03378912,-0.47441563,0.07291057,-0.10408733,0.101940334,tutup
-240.55927,82.43506,36.100277,23.770678,14.133071,8.9046755,15.281413,-0.8708239,-3.7214868,-0.60113305,-7.5052433,0.91962665,-0.4818361,0.10450963,2.0205965,-4.587176,-3.5883713,-0.5985473,-3.1424448,-2.461657,-4.441722,-0.18935902,-1.7777951,-1.3577346,-4.6770554,2.076277,-3.719737,3.8180068,-1.1204553,-1.9146869,-3.4738917,-2.1413488,-1.078345,-1.0887929,-1.2678097,1.0359296,0.4993606,3.1007404,1.2826552,4.109619,3.6136878,4.600027,2.1674948,3.48475,0.75782263,-1.0829479,-0.7465823,0.23950952,-0.026686111,1.1724399,-0.845761,-1.4805999,-1.6638818,0.014139181,0.4802127,0.39134794,-2.2490933,0.8345613,-1.2041774,0.18709028,-0.5424055,-0.3836246,-0.98020697,1.490152,-0.91951174,-0.6832767,-0.10929591,1.2711939,0.7599892,0.76555496,0.51940346,0.95299786,1.4344497,0.5236837,0.6082897,0.25910345,-0.06587253,-0.3022245,-0.62794346,-0.74205476,0.09672744,0.80172575,1.1770414,0.46210974,0.36996877,0.11839244,-0.25468707,-0.5198874,0.7719823,1.316863,0.1957665,-0.0984848,-0.28614235,0.58475703,-0.26803446,-0.023039538,0.2345425,-0.79302317,-0.9400961,-0.31896594,-0.47515374,-0.69258195,-0.629961,0.43177214,0.26217085,0.2902307,0.35893098,0.31037778,0.040255614,-0.15765266,-0.15980196,-0.33151788,-0.72701544,-0.42532086,-0.6671653,-0.43935734,-0.09894339,-0.34974277,-0.28331962,-0.13030608,-0.13008104,-0.44046116,-0.43359223,-0.50180995,0.11576597,0.15502822,-0.35536554,-0.4079015,tutup
-264.4998,77.9797,28.832495,23.169514,16.520731,10.574949,10.209741,2.5068986,-3.384685,0.20314974,-2.497438,1.630317,-0.24608925,-0.91325784,-0.80934876,-2.3753624,-1.3250918,2.569322,-3.7822607,-1.5209953,-3.6300128,0.53363997,-1.5332116,-2.4543254,-3.6043494,-1.4914749,-3.702662,2.742641,-4.357345,-0.9090553,-1.83686,2.3442159,3.8531048,5.073738,3.7310805,3.0290022,-0.48468187,2.3133094,1.2559456,-0.28290313,0.18597727,0.4141957,-2.141382,0.2303114,-0.07952623,2.0433798,-1.3276263,-0.49938112,-1.3630718,0.12956125,-0.59315073,-0.79368746,-1.4257599,0.222154,1.2103312,0.39034384,-1.3143533,-0.56422293,-1.3853333,-0.27356833,-1.9561975,-0.37314403,0.022578452,1.2135692,0.82368237,1.4327881,1.1687274,1.1183662,1.5788335,2.2491565,2.2771032,1.1435001,0.41728136,0.5055512,1.3482236,1.6231024,1.3779385,0.05831987,-0.21983649,-0.59038854,-0.06876446,-0.50471646,0.0011156449,-0.97659385,-0.5603234,-0.22435464,-0.9164501,-0.38315463,-0.1399105,-0.75662553,-0.5001355,-0.2591622,-0.58689,0.25627524,-0.015321637,-0.0279124,-0.6244034,-0.7217904,-0.64361,-0.86418205,-1.1934785,-0.5635177,-0.8587367,-0.31563303,0.41779616,0.87793255,0.030437559,-0.28304806,-0.21511862,-0.36498082,0.63025993,0.5858131,0.116058655,-0.1001298,0.2776619,0.0715466,0.16015966,-0.0835757,-0.20981482,0.075495034,-0.3514294,-0.57599,-0.5269759,-0.4065675,-0.16444491,0.111489184,0.111033,-0.5262992,tutup
-281.4764,83.47457,27.197643,22.102764,9.239521,9.419875,9.19131,2.3150964,-0.11709887,-1.6636881,-12.693461,0.59796035,-0.32397202,-1.3469528,1.8404119,-1.5887694,-5.800987,3.1733627,-1.9839954,-5.1274953,-2.070597,-2.9912362,-4.6753955,0.4576264,-2.2870176,-0.517919,-6.5878124,-2.1865764,-4.233241,1.306971,3.1764755,6.8978486,3.318614,0.47156632,0.90908766,0.68120813,1.6548638,4.396928,3.6820436,-1.1877693,-3.2075977,-1.4758327,-0.69329906,1.0297091,1.6406696,-1.7537059,-2.1205754,1.2121037,0.22462669,2.435754,-2.1978788,0.18263756,-0.8756616,0.23788671,-1.0198982,0.47837013,-1.0088884,-0.39715633,-1.1452079,-0.59332687,0.73238206,2.5536673,2.2713463,1.0585351,0.27827582,1.3904186,-0.8655494,-0.8458727,-0.196457,0.26169434,-0.3402763,1.2436714,2.0794153,2.5238807,1.4822992,0.7424274,0.9441736,-0.43981162,-0.9570586,0.1863994,0.10631064,-0.638191,-0.98707813,0.1956836,-0.6343812,-0.48463002,-0.5330646,-0.19257297,0.070586525,1.1553905,0.15101299,0.33084634,0.16762964,0.6445051,0.05961628,-0.6511139,-0.75886863,-0.29225817,0.4485771,-0.76779974,-0.5385221,-0.71350414,0.03219494,0.18537034,-0.35872152,-0.008615354,-0.04037107,0.29413188,0.37504333,0.29983398,0.49568728,0.47439846,0.031872008,-0.71814656,-0.021545738,-0.29045945,0.30077574,-0.10048483,-0.35629618,0.20685434,0.3549749,-0.39954123,0.23725313,-0.29169673,-0.49349317,-0.14871454,-0.04234952,-0.42585248,tutup
-275.21957,79.772026,31.119225,24.078007,11.991092,11.3957815,11.5729685,3.0608318,-0.76701134,-2.1469588,-10.615386,-0.89632064,-0.7995112,0.4648707,2.3055453,-0.25350857,-6.8030467,2.2288344,-6.0808315,-3.9280472,0.18299435,-1.9459785,-4.8809958,-0.9367545,-4.0441093,-2.0925379,-5.971362,0.85227895,1.0145241,5.336919,3.6281006,4.80924,-0.01629521,-0.14170802,0.53828484,2.2524853,1.8230604,4.5153594,1.3304218,-1.709914,-0.99236864,0.7329441,-0.75836265,-0.52574605,-0.86570483,-2.3601017,0.6717455,1.1107138,-1.051114,0.852242,-1.6519656,0.8826539,-1.00835,0.2677164,-2.6997323,1.1050992,-0.78052175,-0.00030810284,-0.45098987,-0.26996538,1.0435784,0.9845899,0.106497265,0.33433887,-0.35261053,-0.33097306,-0.024655944,1.0649899,-0.20522802,0.10701851,0.6514418,2.033706,2.2914388,1.7606708,1.6301806,0.29467845,0.58418566,0.41115686,-0.5279549,-0.15036558,-1.0087415,-0.7503751,-0.58865947,-0.91526675,-0.7384365,-0.08697417,-0.4572266,-0.4094011,0.42185056,1.4216176,0.4144154,0.63284653,-0.3537219,-0.23679487,-0.0360097,-0.37291062,-0.20104259,-0.07632757,-0.19945261,-0.7942986,-0.7277335,-0.31301525,-0.3750683,0.21590365,-0.08771085,0.36508656,0.3680769,-0.26095006,-0.073985964,0.11527862,-0.15226954,0.32693145,-0.12606165,-0.48935646,0.48708737,-0.71860665,-0.07084077,0.091474466,-0.66590226,-0.50786626,-0.6295834,-0.16474262,-0.40962178,-0.401299,-0.4265466,0.41016334,0.19739285,0.18586686,tutup
-279.49182,91.16695,31.923332,23.700428,13.960699,9.3257475,14.130208,8.229698,0.07158911,-4.2311964,-10.256765,-2.8319285,0.5516208,-1.7537577,0.69919705,-1.8587499,-5.910801,2.900677,-3.3982224,-3.8300579,-2.2674747,-0.96624166,-3.441035,-1.9907492,-1.2410585,-5.454063,-2.8929245,1.1678381,-1.404569,1.890467,-1.3205726,0.21610434,0.12078035,1.5268632,0.257202,3.851739,1.9058551,5.084568,2.6365025,0.45892778,-0.98376745,1.7439224,-2.6862657,0.19038123,-0.75733554,-1.127645,-0.79240483,0.17055063,-0.6956296,1.4302578,0.48948997,-0.104367904,-0.76786405,1.0776607,-0.4642628,0.87719846,-0.3545067,-0.088381164,-0.22553922,-0.39386308,-0.7958052,0.50119156,-0.060533192,-0.4515931,-0.24816275,1.2156467,0.6161668,1.2195117,0.15869492,0.42702276,0.88427436,1.7117072,0.57124233,1.4250386,0.42287618,0.30765572,0.8294827,0.999494,-0.06931745,0.106889755,-0.11393354,0.26230595,-0.01210376,-0.31923276,-0.4846006,-0.029980557,-0.76087594,-0.861656,0.34793887,0.32622585,0.29623455,0.15041557,0.13207577,0.48574817,-0.43025297,0.09424738,-0.65082556,-0.31016916,-0.75846976,-0.69721246,-0.826543,-0.40320542,-0.4415678,0.24559115,0.46507224,-0.14417094,-0.19109291,-0.28740072,0.022254981,0.42273468,0.10395239,0.38834548,-0.08180415,-0.2834755,0.042551327,-0.01251995,-0.20843863,-0.34546217,-0.23973635,-0.2001939,-0.4948627,-0.5156766,-0.58540803,-0.48461303,-0.05543104,-0.4745861,0.007198033,0.41106686,tutup
-257.34363,83.233315,33.88486,26.424328,10.743738,8.561493,11.926336,3.673008,-2.0428298,-3.646625,-13.767384,-1.8503972,2.0250127,-2.0283716,1.8376573,-1.9410113,-7.3542595,5.037578,-3.9826272,-4.4769907,-0.42076033,-6.298005,-6.0173383,-1.6795044,-3.0129678,-2.5247507,-5.6676793,-1.3810581,-5.295599,6.8743377,7.5052814,14.271657,9.916995,8.175277,-0.22732365,-2.2266955,-4.0597553,1.8123155,0.111503825,-1.460392,-2.200974,-2.8774097,-3.7014349,0.9696401,1.0609474,-2.1172328,-2.374498,-0.54313713,-1.269631,0.88552713,-2.0884862,-1.9472263,-1.9946245,0.023372343,-3.2114296,-0.72493654,-1.3822956,-1.5903956,-2.3786592,-1.395301,-0.18562233,4.9200277,3.6563118,3.3555474,2.0678382,3.3283365,-0.3615483,0.9482908,0.5985398,1.3447832,0.5506211,0.21312056,1.3250496,1.1884981,0.4995947,0.46174926,1.3228562,-0.8822305,-1.3987868,-0.27784726,-0.061716035,-0.176671,-1.16662,0.6444362,-0.48811,-0.33693194,-0.90355575,-0.37351128,-0.7915323,0.2814497,0.31787968,0.33112743,0.45566666,0.28693148,0.092903465,0.21813625,-0.22888306,-0.19217953,-0.7864409,-0.27199367,-0.47898555,-0.9237823,-0.23674445,-0.19887836,0.88991916,0.005218044,-0.6416272,-0.9514942,-0.21066613,-0.16841532,-0.2035105,0.21862048,-0.34270263,0.07465434,0.12174273,0.39016625,0.09019385,-0.08530135,0.11509024,0.18095446,0.42840928,0.08914584,-0.19476998,-0.3827561,-0.7772062,0.11530782,-0.11708909,0.5052281,tutup
-255.00958,81.02352,31.917446,22.33993,13.959289,10.259428,11.596253,5.0963607,0.90549093,-3.9303265,-9.31452,0.17354412,-1.497213,-0.88521844,1.4410807,-1.1308577,-7.5497336,3.0595274,-2.4857728,-4.7887287,-1.6013947,-2.8597145,-1.900403,-0.26608774,-0.2507162,-2.1244016,-4.1044073,-0.073027834,-3.3536355,-1.0049953,-4.5063334,-0.13271695,-1.4925172,-0.36921138,-4.060584,0.74548656,0.6449462,8.161621,10.225445,8.41222,5.099822,1.1759803,-3.4881868,-1.0046254,-0.0059523033,0.151618,-0.1873791,-1.6450313,-2.9851677,0.53723913,0.51585716,0.7997292,-1.9017578,-1.1314325,-1.6677892,0.732123,-0.689174,-1.9829395,-1.8265586,-0.3934113,-1.4991201,0.7316344,-1.4462624,-0.5988572,0.15413994,1.3002497,-1.1148975,-0.16831772,0.34497574,0.13585065,-0.63839287,-0.28024086,-0.21330759,1.6324571,0.6333913,1.6543922,2.143243,3.3755836,0.73953485,-0.38435155,0.34080237,0.27045676,-0.5225358,-0.22420865,-0.102381185,-0.61468935,-0.803126,-0.59810513,0.24328995,0.3808042,-0.19927682,0.90151775,0.7817365,0.44839612,0.2828216,0.73071146,-0.039192073,-0.23098409,-0.7860144,0.023658723,-1.1113247,-0.5175139,-0.1017941,0.64385676,0.7278444,0.03896799,0.06945634,-0.13092399,0.28792843,0.16290855,0.15031847,-0.63350207,0.026037568,-0.5324083,-0.68088895,0.15895729,-0.48921105,0.14292209,-0.28464118,-0.42393082,-0.17662947,-0.7186654,-0.5995884,-0.057352968,0.40919223,0.24114981,-0.16431144,-0.35352254,tutup
-239.93085,92.611694,35.17829,22.856594,8.673196,9.716934,7.564284,6.7851634,-0.15447555,-3.6127126,-12.983822,-3.3017638,-1.9017888,-4.173961,4.0850897,0.18735643,-7.104782,1.9391396,-6.726505,-4.718217,-0.68748873,-0.93752325,-2.0769622,-0.016140005,-0.44848123,-1.7189293,-1.8185446,1.951567,-2.798909,1.6496515,-3.4224508,-0.925291,-1.462826,-1.7008709,-2.648436,-1.7130817,-4.8144774,-0.67130697,3.3019235,3.3573782,5.2006555,7.6946816,3.0364904,2.7412138,1.5667161,1.4613355,2.51662,2.3316658,-0.7441665,0.84775966,-1.5144421,0.9040761,0.6869188,-0.30618387,-1.8521391,-0.86435044,-0.6035078,-0.839471,-0.27425423,-0.34350172,-2.1597223,0.12974657,-1.0011731,-0.00033162558,-0.9984252,0.34592995,-0.1039576,0.83313805,-1.0315651,-0.7020815,-0.12393504,-0.048460748,0.04949041,1.0986209,-0.2720569,-0.69427747,-0.34034148,-1.0085266,0.30926865,1.8881499,2.2604322,0.07977074,-0.09347242,0.29582477,-0.2330809,0.34151176,-0.4323007,0.35236213,-0.58652925,-0.23547249,-0.21672839,0.55469805,0.5785924,0.5378543,0.3472277,-0.20887055,-0.49397737,0.17945716,0.11110222,-0.52585447,-0.79479915,-0.32057524,-0.69141614,0.34437075,0.46040276,0.40234983,-0.1475939,0.42288786,0.14461404,0.62260526,0.20135368,-0.24792536,0.28054968,-0.15823582,0.19749995,0.3851184,-0.073910214,-0.6111782,0.061612137,-0.32890156,-0.49402714,-0.64453536,-0.1962157,-0.115561776,0.1433764,-0.15612347,0.06628971,0.012013831,tutup
-246.79626,83.93287,31.480341,26.363985,11.113799,8.696607,13.12225,3.3126237,-0.068556756,-6.4751544,-12.553511,0.8695162,0.8556379,-3.2099097,5.5864124,-4.193834,-6.742542,7.4875083,-6.5921307,-1.7349442,-0.10299679,-0.5326844,-2.109191,0.24575149,-1.8189948,-4.1053996,-8.682592,1.1663918,-4.0538807,-1.210059,-5.170338,-1.4362742,-2.3695104,4.584488,3.9833345,10.64852,6.912074,8.550674,3.0505147,-0.5552258,0.18888165,1.7345988,0.19259766,1.1333284,-1.6094892,-2.2806468,-0.90723157,1.8187295,0.53143036,1.727047,-2.2457798,-0.25213945,-1.2677168,-0.3289288,-0.12784977,0.07484884,-1.1414452,-1.1696646,-0.05500608,-1.986458,-3.5495913,0.5461428,-1.5299853,-0.89594823,-2.214195,-0.18778308,-1.0207558,0.48286426,-0.13948937,2.6426635,5.055882,4.375889,2.5110395,2.6214812,1.4733434,0.6617526,0.019998588,1.6225262,0.98059946,0.33895728,-0.5771361,-0.8029298,-0.2663843,0.21655382,-0.6181573,0.6358684,-0.67216146,-1.4186342,-0.2445122,0.35976407,-1.3633964,-0.35364917,-0.0071194465,0.15706278,-0.37966976,-0.050967075,-0.7086399,-0.41942197,-0.2872326,-0.050606128,-0.55901265,-0.18163851,-0.028684227,0.9760398,0.9340436,0.13386612,-0.3626408,0.4965385,0.18603891,0.79252195,0.8160405,-0.8438076,-0.37652072,0.4329999,0.07918644,0.41791242,0.6714686,-0.8184403,0.30341807,-0.7018948,-0.93188626,-0.543525,-0.4591953,-1.1265914,-0.28698072,-0.3481377,-0.10786478,-0.048203308,tutup
-251.77124,93.14689,28.653225,19.680605,10.883077,8.133225,9.080978,4.379595,-2.8508704,-7.440273,-13.101555,-0.852,3.3165362,-2.5379727,2.189533,-3.320562,-8.835866,4.7551017,-4.4727015,-6.057622,-3.1451814,-5.034701,-4.481695,-1.1929969,-2.937282,-2.436591,-3.6154816,4.3361793,1.5367339,3.296434,-0.6219608,2.6910167,0.41889617,2.775415,-2.3234653,0.3668458,-2.9143848,-0.27801597,1.1204858,1.8060743,1.984598,5.0821238,1.8249521,1.8846506,1.7512323,-0.2745135,-1.3041532,1.9923483,-1.4247636,1.2484245,-0.7676241,-0.9260722,-0.8814914,-0.20825504,0.06464995,0.91320825,-0.02172559,-1.093167,-0.16857326,-0.44166192,-0.6270028,0.79020107,-0.9730053,0.11064624,-0.14023256,1.2730742,0.7857178,1.9097157,-0.1827288,0.04698372,0.36790106,0.66980505,0.27923638,1.2050287,-0.48028478,0.3790288,0.23464513,0.2228704,-0.36674234,1.1227188,1.2523808,-0.9600555,0.34736434,0.64113617,0.17872423,0.14993584,-0.10094922,-0.016340407,0.30011386,-0.28764302,-1.0226847,-0.38755968,-0.19493197,0.37618756,-0.040850084,-0.32052708,-0.30873123,0.03369355,-0.13079031,-0.71597326,-0.96751785,-0.15292874,-0.52834266,0.4433917,0.0014866032,0.5039342,0.36568055,-0.08194764,-0.13833967,0.4507347,0.40626243,0.06295757,-0.24556567,0.17585516,-0.10103935,-0.17220369,-0.015223826,-0.4306959,0.57034135,0.20482191,-0.22780007,-0.10565771,0.19987093,0.025906987,-0.10748621,0.17247804,0.04472844,-0.52051085,tutup
-250.80305,96.172585,36.76925,23.154602,13.829988,13.242113,10.636997,6.494034,-1.9194313,-8.371142,-12.757375,-2.355138,2.5794876,-1.0403157,2.3800786,-1.5106287,-5.9707003,2.6547875,-3.7238512,-4.2057023,-3.1843033,-3.093424,-3.5376344,-1.5957997,-1.6543027,-1.6592888,-4.5722547,2.032038,-2.7191386,0.1459603,-4.726838,-2.181413,-4.182548,-0.66108274,-3.282322,-1.1452433,-4.1502924,1.2604612,3.8474326,6.9943647,7.879968,9.651408,2.558165,1.2733132,0.42753014,0.9737344,0.8632641,2.2084684,-0.76904225,-0.33750978,-1.9831357,-0.27439603,-1.2843171,-0.4378098,-0.6312399,0.03925733,-0.4470532,-1.5914357,-0.4659826,-0.7772057,-2.2976208,-0.7412944,-1.5793253,-0.1909522,0.3973645,1.7765696,-1.2522993,-0.79408085,-0.57806695,-1.4143348,-1.105997,0.37797529,-0.11665316,0.034686293,-0.7314931,-0.17547725,-0.008410898,-0.41788828,-0.62143755,0.6647883,2.5023248,1.4725181,0.654711,1.1268433,-0.48894978,0.4042839,0.16813229,0.84719056,1.4010483,0.2995022,-0.17862584,0.7344318,0.5643501,0.17267981,0.84566927,1.0582564,-0.41222495,0.19870953,0.25817472,0.084511496,0.061644744,-0.24295868,0.53909236,-0.05011314,0.12813595,0.17627776,0.4583237,0.2913273,-0.058580186,0.41718343,1.1476918,0.58824086,-0.04857348,-0.16008659,0.10956767,-0.21487702,0.52181375,-0.03120081,0.085840695,-0.42561668,-0.5183378,-0.37689868,-0.62296516,-0.03392575,0.38741803,0.36995023,-0.3882136,-0.041968536,tutup
-266.05164,87.48615,28.410027,20.492006,7.154184,7.7208157,13.511588,2.4452896,-6.6308064,-0.60380745,-12.262834,-3.1415186,-3.5396435,-0.77918166,2.9665866,-1.5666145,-4.871573,3.2176516,-3.890518,-3.2652333,-3.0098624,-1.5324215,-4.388642,-2.355716,-1.9357125,-0.9266175,-4.130661,1.4084619,-3.3510177,-0.89636207,0.25804964,-0.25713304,3.2040782,0.69861203,0.69057137,3.371911,0.086858846,3.3665266,3.7855859,4.7732296,1.7112391,1.4573413,-0.53178954,0.8670125,-0.8075868,0.5882761,-0.65736014,-0.24857281,-0.9425678,0.7845429,-0.88928235,0.15626027,-1.4068484,0.078586474,-0.82353944,-0.6305237,-0.84193903,0.02629659,-2.5214524,0.06672359,-1.7667869,0.1456327,-0.46232918,-0.31946877,-1.0049669,1.3605859,-0.32635075,0.42906767,1.3913978,1.0746558,0.8293596,0.6667222,0.5210022,1.1547412,0.7983528,0.5791762,0.25398347,-0.38900843,-0.5542272,-0.025985839,0.13632469,0.64949226,0.44018796,1.4299349,0.3743156,0.111596,-0.41051883,-0.29182592,0.20464657,0.23989953,0.48369163,0.7469066,0.29720137,0.3865678,0.28097168,0.09043459,-0.119061045,0.00927654,-0.23847917,-1.0942767,-1.3481326,-0.6443204,-0.3531184,0.05169116,-0.009503567,0.19141936,-0.15184237,-0.014886616,0.20913875,-0.13359635,-0.08806256,-0.03434557,-0.50972944,-0.043909043,-0.055678595,0.10589401,0.11914003,-0.23628707,0.21016756,-0.43665162,-0.12254199,-0.49955562,-0.31169808,-0.27803206,-0.41862214,-0.5404577,0.3879939,0.080063336,tutup
-256.0671,82.83883,29.284737,26.245333,11.577129,11.071985,16.75864,3.316213,-6.5746846,-0.5818074,-9.03004,0.26337528,-2.747209,-0.09828273,3.2357259,-4.891929,-4.491071,2.1375196,-3.647669,-1.4000053,-2.687305,-1.1810157,-2.5124648,-2.3762987,-3.287053,-0.07591742,-5.020741,-0.75815314,-2.7396126,-3.5519168,-1.0837722,0.3648563,3.2720892,5.088677,1.8615158,0.8419019,-2.344942,3.0578086,4.1194153,5.3226333,2.6614695,-0.12600526,-1.8182858,-2.7920249,0.53310275,1.091479,-0.56962293,-1.7171674,-2.52943,-0.20293239,-1.3949393,0.5246182,-2.376352,-1.1017044,-1.3234683,0.80921054,-0.8077047,-0.82086396,-0.784021,-0.27828598,-2.2600188,-1.356954,-1.5974015,0.73490167,0.3527398,2.5028963,1.1880668,1.9190028,0.84272647,0.5674727,0.22495176,0.8838349,-0.45513213,-0.18844335,0.13709813,0.34862003,0.2545648,0.65058136,0.65656024,0.4808036,-0.094157815,-0.17111896,-0.043506086,-0.036391728,-0.66985667,-0.02619552,-0.52959263,-0.7888682,-0.16208096,0.44366473,-0.37808695,-0.6989392,-0.10080886,0.38142565,0.80137277,0.55793566,0.0711597,-0.17221557,0.037445765,0.04526913,-0.72363085,-0.1160433,-0.6631265,-0.11416042,0.747118,-0.017290434,-0.7936169,-0.073503904,-0.20098826,-0.17174774,0.16289257,0.17287092,0.081432514,0.16023594,-0.34416282,-0.66938007,0.014851489,0.044802863,0.45892116,0.12535162,-0.04902646,-0.53682905,-0.1124726,0.3304366,0.21910584,0.1877167,-0.16904898,0.03340554,tutup
-264.14246,80.9539,34.616158,24.591555,13.514592,11.645779,10.768783,1.4232064,-5.1412234,1.5867671,-7.557749,-2.0372956,-1.0493841,-0.62054086,-0.55882937,-2.9706123,-2.1989095,1.9167353,-3.0424275,0.205812,-6.294923,-3.137958,-3.5661883,-2.351094,-2.6249807,-2.4168425,-5.6254554,3.3280232,-3.6943614,3.1368082,1.5131905,4.681103,1.720458,2.9971206,2.0171733,3.6828322,3.6918972,2.7217324,3.3232248,-2.3725896,-1.8548521,-2.324651,-0.32143995,-1.5817667,-0.80446434,-0.7595671,-1.237588,1.8659958,-0.54681957,-0.30210972,-2.958625,-0.106763974,0.1730606,-0.3634856,-0.9407012,-2.4382997,-2.435897,0.34963402,-1.6941631,0.44594207,-1.2613825,3.089202,1.857943,0.9073253,-0.2346332,0.36344555,-0.34893253,0.26916578,0.5969609,0.7044363,1.5866687,2.2606747,1.0172074,0.9622513,0.42029455,0.96683663,0.12261126,0.23828653,-0.034997888,-0.50782144,-1.2919645,-1.1392502,-0.08485576,-1.4022886,-0.690914,-0.12909077,0.3794227,-1.2357683,-0.7327566,0.8637295,0.7468325,0.7630113,0.78921306,1.1739864,0.2252956,0.70710945,-0.015265567,-0.8261838,-0.97464746,0.08182303,-0.29904762,-0.98779917,-0.62401503,0.100350216,0.3001563,0.2831014,0.14995757,-0.10915305,-0.11568043,0.0823336,0.35824037,0.029931791,0.05637948,-0.05171464,0.34260744,0.42380905,0.35467044,0.21050866,0.47615856,-0.061979234,0.1815699,-0.16588765,0.25761083,0.34757364,-0.41481692,-0.25486997,-0.07145318,0.28850102,tutup
-258.8574,86.813736,30.797672,23.68948,8.713014,10.388698,13.626949,-0.73517144,-3.8789303,0.7614428,-10.570556,-0.67439383,-2.8659565,0.99473363,-0.3051868,-3.9048333,-0.9253342,-0.039329123,-4.183918,0.9971988,-5.2706723,0.44572192,-3.716748,-3.3731337,-2.4838805,-4.0788507,-3.0913503,3.1483727,-2.340421,-0.8643817,-4.6346602,0.5323467,-1.0445793,4.4009557,0.08459247,3.7143452,-0.9077616,2.6948335,2.997001,3.2037513,4.7935877,1.9484388,2.2063172,-1.76901,-0.37645942,0.27956143,-2.0070252,0.85018396,0.254473,-0.9310864,-0.99143255,0.32153788,-0.8379171,1.2797098,-0.7795754,-0.16787004,-1.0409721,-2.0076041,-0.18108259,-0.853702,-2.1560311,0.45357397,0.4736923,0.44538352,0.08522761,-0.21848065,1.030782,2.5995524,0.36374736,-0.07432261,1.106929,2.4373643,2.0457485,0.71558833,-0.15741566,0.1249256,-0.9451457,0.20678832,0.5457734,1.348704,0.2767748,0.55502564,0.48961788,-0.71699846,-1.2428076,0.31316546,-0.67984724,0.1894423,0.10493761,-0.6180644,-0.9697617,0.19981563,-0.13435951,0.3103155,0.47909448,-0.03007437,-0.14898941,-0.27246776,-0.641421,0.21247286,-1.0303341,-1.2132282,0.13167948,0.17965208,-0.19285738,-0.1531716,-0.5161195,-0.31351116,-0.20516482,0.36489964,-0.14624006,-0.029190276,0.043361515,-0.50976557,-0.118240446,0.20569193,0.27369183,-0.09097523,0.038735148,-0.18716344,-0.40456802,-0.32301977,-0.31877983,0.013451826,0.20610061,0.19462489,-0.082014926,-0.27151144,tutup
-256.46918,92.07945,31.70133,23.523724,10.140167,9.983417,12.723105,-2.118476,-7.0758066,0.27773565,-8.80115,1.3924257,1.9380275,1.4914112,-0.5018129,-2.2691529,-3.9132483,2.5418591,-1.0568736,-3.2797775,-4.5465775,1.4623572,-4.453688,-1.9202867,-0.010357534,-2.9871292,-3.2304513,3.7703943,-2.1925533,1.8068554,-0.9923384,2.080776,1.6810943,3.329555,-1.1768275,0.32446086,-2.0639474,-0.19764419,1.9581012,1.6536504,-0.082845554,-0.9477929,-1.6302938,0.43675467,0.5291418,3.049376,2.147648,2.6348298,0.55946314,1.3453611,-0.67414874,1.3491342,-0.42012784,-0.20593111,0.5834157,-0.66228014,-0.66162884,-0.031758126,-0.8326521,-0.14384273,-1.1081088,-0.95486426,-0.60426694,0.41623974,-0.44119635,0.3844405,-0.20609775,-0.29990873,-0.28865486,-0.30615437,0.46887407,1.1027952,-0.38116857,-0.03164002,-0.7497669,-0.1340107,-0.40372345,0.31953138,-0.86345226,-0.13560404,-0.273355,-0.12907197,0.06389035,0.016579064,0.04544415,0.006961993,-0.36821032,-0.6304679,-0.2719422,-0.1149137,-0.25597665,0.23315515,-0.11117508,-0.13222653,0.7358365,0.9028419,0.14533237,-0.043886438,-0.28651392,0.5522209,0.21861924,-0.32859707,-0.38283294,0.80628955,0.8556588,0.2119589,0.21549337,-0.1816117,-0.17962022,-0.30745292,-0.2948402,0.20640466,-0.46943218,-0.51254827,0.18396775,0.25276425,-0.081060536,0.34323832,0.3119441,-0.09151551,-0.3557313,-0.26752147,-0.2452332,-0.4081008,-0.012044217,0.49053562,0.21187694,-0.23977397,tutup
-269.14905,83.52544,34.373665,24.255568,14.598634,13.760611,11.936382,1.0449601,-5.385738,1.675249,-7.37546,-0.5329022,-0.290637,0.40644842,-1.549687,-2.0997188,0.087447844,2.0062788,-2.1333644,-1.2818655,-4.1824236,-0.8803984,-1.9522809,-1.0283399,-1.2358991,-4.2348785,-3.3714967,-0.022311904,-3.2066176,3.4740067,2.109188,4.8097725,2.665592,5.6848044,2.3112504,4.3661585,1.471586,2.483988,1.9355458,-2.0927687,-2.6008518,-1.9518493,-0.15804394,1.5324246,-0.41089126,-1.7657038,-0.9760151,2.08324,1.2447188,1.2774109,-2.570616,0.4813819,-0.16770966,1.2406324,-1.8578666,-1.4451054,-1.1468368,-0.27726176,-1.8638972,-0.6412135,-0.37309703,2.731124,1.85706,0.8362634,0.4928842,1.0659894,-0.7321546,-1.0464666,0.80843973,1.3879324,1.6517227,1.9903339,1.3441805,1.6639308,0.63825524,0.7131152,0.5917895,0.5040037,-0.5386608,-0.059358723,-1.3996508,-1.4538536,-0.38434038,-0.6481117,-0.75708187,0.03129866,-0.667862,-0.34387863,-0.3529171,0.092161946,0.48141852,0.12697299,0.24152158,0.81240326,0.38774547,0.40983003,-0.16730778,-1.1870111,-0.8696626,-0.12634256,-0.79835457,-1.0942256,-0.8639762,-0.30568796,0.24870098,0.46210304,0.13878493,-0.18768895,-0.21013008,0.34006283,-0.010359291,-0.45077032,0.510915,0.11465206,0.38006014,0.43756226,0.08954641,-0.17987604,0.5401266,0.13955876,0.19081157,-0.30232227,-0.37934887,-0.75905025,-0.35592756,-0.26382884,-0.19702628,0.6496499,tutup
-286.571,86.975204,28.958881,23.145163,13.77336,13.416073,10.830141,-0.48763254,-6.7627854,-0.08153569,-9.707595,-1.45434,-1.346117,-2.2704115,0.22798787,-2.4429762,-5.372892,1.0493519,-0.3097593,-2.3041935,-5.2501483,2.1099315,-5.20399,-3.3138773,-2.9041193,-0.44070593,-2.4649851,0.04068969,-3.9721665,-0.94938177,0.088444404,4.362367,5.8009963,4.2455764,-0.6420505,-0.16468027,-3.0385842,4.643245,6.885012,5.2591405,1.6441963,-0.757452,-1.1706806,-0.85832906,0.6742408,1.342745,-1.84888,-1.6570132,-0.9052227,0.6950303,-0.078822784,-0.038258746,-2.317893,-0.65769666,-0.51998055,-1.0737458,-1.0074413,-0.5453257,-1.9248807,-0.7727064,-2.4466393,-0.27361065,0.32614833,1.012323,1.3244585,3.0836837,1.1561944,0.4296271,-0.12536347,0.011054996,0.43219176,0.62250876,-0.9766478,0.2193629,0.44356233,0.604176,0.86883545,1.8985457,1.1135759,-0.33960629,-0.2997773,0.14030485,-0.30995083,-0.585065,0.13773829,-0.38370523,-0.5911908,-0.36809346,0.2943547,0.29571724,-0.12535127,0.23210377,0.03127905,-0.269019,0.25474074,0.15013075,-0.00833447,-0.15553276,0.05071595,0.06907635,-0.6420916,-0.66832346,-0.27287132,0.002699974,-0.012332524,0.6112807,-0.0053026527,-0.43713585,-0.4101857,-1.059261,-0.343905,-0.024089608,-0.6407803,-0.33809096,-0.414064,-0.8333343,0.38341057,0.2873939,0.022268137,-0.3970052,-0.20652641,-0.08772352,0.3726047,0.2103259,-0.64050543,-0.027435552,-0.22861363,-0.2712047,tutup
-252.2244,90.9567,32.129578,20.947824,8.809903,7.1815033,17.690441,-2.1074386,-9.798021,-5.232451,-11.922615,5.7399,1.2566477,4.5137587,4.199569,-6.7608314,-8.00397,-0.3586223,-5.458171,-1.874271,-4.816373,-1.5449576,-4.2813783,-3.2567468,-4.4111247,2.5162404,-6.159206,3.7776566,-0.09667326,1.1933082,-2.371622,-3.7026126,-1.5788989,-2.6022136,-3.6855655,-3.0824988,-5.3054433,-1.6886029,-0.58517724,5.2114034,8.998263,10.141083,6.309644,3.9315422,-0.11900881,-1.7375919,0.64972705,1.5778799,-0.32062677,0.51796776,-2.8885453,0.36980626,0.5405882,0.5729229,0.08447848,-2.1537669,-2.4611144,0.30865037,-0.1642163,0.10895505,-1.5444423,0.006438468,-1.2959894,1.2511034,-0.5879723,0.67730093,-0.99280876,1.9380016,0.29261422,-0.22873658,0.46217018,-0.36773607,-0.3493804,-0.06348793,-1.8913529,-0.27174348,1.4598765,-0.25778535,0.17475562,0.17299792,0.7021777,1.8345087,0.7901877,1.2638439,1.6031457,0.32319552,0.20345613,0.041708097,0.07400621,0.95545155,0.116189525,1.222151,0.8263076,-0.6069146,-0.08441304,-0.42724776,0.48973668,0.056400932,-0.7779276,-0.47468245,-0.562961,-0.9294054,-0.35279897,0.15392086,0.059323676,0.7839027,-0.119922824,-0.31316558,-0.26268658,-0.47544312,0.4144026,0.042666517,-0.36193264,-0.39953816,-0.1482189,0.25879154,-0.012690559,-0.2628553,-0.2989151,-0.445231,-0.85200006,-0.6163214,-0.5555541,-0.48268935,-0.3167726,-0.5245605,0.44137233,0.0984963,tutup
-260.6235,75.39468,33.430668,23.76282,16.588314,11.252633,12.817304,7.066605,1.9694352,3.477147,-2.4375226,-0.45250955,-0.6110799,0.34476545,-0.006428638,0.8205892,-1.2278712,0.70197463,-1.5471348,-0.19369188,-2.7162201,-1.8204042,-3.2116075,-1.2149109,-3.023161,0.16856983,-3.3074658,1.5921899,-2.5518188,-0.66669255,-2.4864151,-0.9620766,-1.351951,-0.49874443,-1.3040711,-1.8450353,0.3136599,-0.3526015,-0.0014576252,0.25366545,-0.72599745,-0.07951922,-0.3406297,2.3729122,1.7409409,2.1587017,-0.26284623,-0.1891734,-0.48030418,0.2586167,0.9433557,1.3927581,-1.3178711,-0.780449,-0.6123293,0.83111596,-0.65907377,0.3473868,-1.9469835,-0.49896064,-0.7490395,0.34821606,-0.69654495,-0.60162014,-0.4626492,0.27966347,1.2309254,1.3176966,0.303891,0.21484458,0.1563328,1.6639657,0.1399864,-0.106545255,0.13105203,0.5731205,0.17944062,-0.58890647,-0.9568478,-0.73496187,-0.6234126,-0.5358121,-1.018581,-0.5388779,-0.5503286,-0.42191434,-0.08609621,0.41763797,1.2360377,1.339568,0.47374013,-0.05905156,0.055965547,0.44920465,0.16680548,0.3091693,0.09166253,0.24697591,-0.43353975,-0.13379812,0.05097346,-0.24683093,-0.1532803,0.41014996,0.6636448,0.3106074,-0.32041034,-0.9688375,-0.7767755,0.04641882,0.033753492,0.08929037,0.122759975,-0.33070347,0.3667671,0.00848656,0.009601355,0.083609104,-0.41482556,-0.7440444,-0.5203128,-0.33194992,-0.52834386,-0.12076298,0.015784029,-0.36487404,-0.22792049,-0.22428255,tutup
-216.8148,84.02385,30.036386,22.538807,3.8114266,10.558877,15.707906,1.6064906,-6.3124437,-1.181216,-10.022195,0.21371444,-3.8698974,2.2075996,0.49210295,-5.308172,-3.6069093,1.4984299,-5.243315,-0.62678134,-1.0382677,-2.4584556,-2.429326,-1.6968014,-1.4046953,-0.96123445,-5.182646,0.8578849,-5.109194,0.060724016,-4.430957,-3.0952284,-3.0149753,-2.1586523,3.8618655,5.368488,7.4881926,10.427279,7.857466,1.7075379,-2.0916283,-1.901226,-2.036421,2.268651,0.010410676,1.3159908,-1.0946586,0.12126792,0.5391339,2.401283,-0.22237624,-0.27215755,-1.6573957,-0.83414924,-0.64019024,-0.49048132,-2.1879156,-1.5470691,0.9807491,0.095905125,-1.5663124,-0.8011866,-2.404054,-0.1102412,-1.0938326,-1.5238885,-1.6423427,0.48475713,-0.09305834,-0.32054427,0.66202945,1.6935377,3.329915,2.961121,1.5292943,0.74087346,0.4958576,-0.0056151683,-1.1720928,-0.5367122,-0.2507129,-1.4912763,-0.3480793,0.11999699,-0.173617,0.14832811,-0.5169193,-0.59124565,-0.6059576,-0.27648374,-0.5846266,0.6370288,-0.53815204,-0.2240857,-0.26337472,-0.2364108,-0.22969313,-0.13987328,-0.70348096,-0.5182249,-0.6734399,-0.004772289,-0.6632652,0.24200237,0.42027315,-0.5091198,-0.13362277,0.16641682,-0.075023204,0.09021986,0.24655962,0.2365241,0.38697338,-0.060846753,-0.35290426,-0.77106214,-0.5196106,0.10467292,-0.7069745,-0.17447495,-0.025965305,-0.64444494,-0.4280356,0.028356265,-0.26474145,0.01664592,-0.1314603,-0.010295868,tutup
-239.50941,84.23767,34.491524,23.567625,14.10088,11.286698,10.803874,5.9612565,-0.506131,4.0018435,-4.0400395,-3.164177,-1.8505485,-2.639931,-2.6803691,-0.9789016,-2.7600572,0.5082341,-2.2434194,-1.3947436,-2.3227499,0.6762307,-0.41030943,-1.1329708,-2.361625,-0.858467,-3.2286503,0.5923378,-1.8409145,0.83722544,-3.679204,-0.8608669,-2.1809678,-1.4270718,-2.2787857,-4.2712426,-2.4792755,0.20391972,4.147138,4.482136,6.2187347,5.1798625,2.3208768,2.973447,-0.34406483,1.2784468,-0.5134088,0.121956155,-2.4144926,1.3102213,-0.2851898,-0.066610426,-1.8100874,-0.6416312,0.032177437,0.63561547,0.42611927,0.16281837,-3.1464837,-0.6376581,-0.7976331,0.3213555,-0.6725021,-1.0441259,-0.30564287,0.4916753,1.1185082,0.29042742,0.33199087,0.3060824,0.068411306,1.0173568,-0.42993152,0.44157124,0.31766874,0.44221678,0.4448018,0.2706592,0.078292646,0.051262904,-0.18903163,0.5217855,0.10619571,0.75537914,0.93526256,1.1975845,0.6603769,-0.18540631,0.45497343,1.0496224,0.98667425,0.7110483,0.3260732,0.42061955,-0.036031168,-0.11429418,-0.035184525,0.3318475,-0.38389483,-0.17330217,-0.22048344,-0.07591415,0.44168198,0.07347688,0.623225,0.16656262,-0.35451096,-0.4135944,-0.11593069,0.29854,0.35052118,0.067679904,-0.16493072,0.05284116,0.73734856,0.095387265,0.16356486,0.27806,-0.15797581,-0.29279435,-0.36000034,-0.38378903,-0.1660307,-0.4378851,-0.29090682,-0.2274938,-0.46278235,-0.53787684,tutup
-273.56073,77.85545,31.501635,25.05384,9.314026,13.127891,12.593274,2.0681477,-5.7380905,-0.2849287,-9.65605,-3.2589364,-1.6896232,-0.65864694,0.80850565,-1.8555652,-1.6443943,1.5075536,-2.7145617,0.7737212,-3.279759,0.66454035,-4.303881,-3.3672938,-4.312132,-2.072404,-2.0538778,0.94764376,-2.3683815,-0.6349994,-3.4338202,2.5819523,3.0523574,6.221091,6.328347,4.4996843,-1.9610457,-1.15139,0.1003286,-2.023526,1.2195094,-0.16834176,-2.248014,-0.83231795,-1.576005,1.2625437,-0.13015258,0.47766817,-1.5723424,0.35767558,-0.91243404,1.9920586,-1.2928205,-0.07267227,-0.95523757,0.16623795,-1.1892369,-1.6439406,-2.0970335,-0.34093025,-1.4560138,-1.120684,-2.545782,-0.7833546,-0.0010263223,1.6553069,2.2118294,3.5974612,4.019468,1.1584092,-0.11085507,0.96361136,1.0758994,0.724827,-0.54542744,0.5581105,0.61259437,-1.0195729,-1.3679523,0.7842445,-0.23671739,-0.041536,-0.077950686,0.62104404,-0.7031429,-0.9685379,-0.20642379,0.21313988,-0.025020668,0.45179465,0.74310124,0.612467,-0.25850213,0.11531704,0.21561217,-0.110412516,0.29008695,0.18816224,-0.57280767,-0.41157916,0.15083721,-0.32600293,-0.41323227,0.37995353,0.42421025,-0.37394255,0.100999326,-0.04371886,0.052094642,-0.004304796,0.22014928,0.14843246,-0.27236715,-0.5210648,-0.55674076,-0.121766746,-0.07621569,-0.15693918,0.15235692,0.82412314,-0.19114576,-0.16833481,0.9466006,0.11906624,0.14750324,0.1349317,-0.44721183,0.43394652,tutup
-260.05853,82.75522,30.266106,23.233496,12.807296,13.478402,10.983219,1.7913713,-7.7759275,-1.1165683,-7.552327,-1.9931554,0.27235216,-0.29942542,-1.2410227,-3.1259625,0.26430768,-0.66661793,-3.893759,-0.040367704,-4.3448696,-2.6113448,-4.163824,-2.809738,-3.1437407,-3.1221104,-0.75316316,1.8835102,1.0270379,3.0680206,1.0295074,4.2921553,1.7533696,6.0149603,4.4733315,3.6941478,-0.5128006,0.36025533,-3.2292378,-2.4549704,0.3762734,-1.6453989,-1.3541564,-3.3170094,-0.8296058,-0.75278735,-1.3742181,-0.32581294,-1.9674283,-0.10551126,-1.1442844,1.3107793,-3.187053,0.23005538,-0.8129728,0.66138935,-0.23306003,-0.17821677,-0.30641663,-0.6080136,-1.4292641,0.39412114,-1.1698134,-0.37765482,-0.5602823,1.5964499,0.2478817,2.5534046,1.8456572,2.25805,1.8685589,1.1406947,1.0851779,0.79530525,0.5349059,0.7439174,1.0916092,-0.41029018,-0.5884267,-0.7120261,-0.9634135,0.09889649,0.5423677,-0.086798504,-0.38193965,0.55305004,-1.3864259,-0.27107978,-0.039824974,0.24047314,-0.6727692,-0.25321993,0.6501658,0.63980114,0.43871194,0.20334664,-0.45654854,-0.49831724,-0.1811821,-0.4649964,-1.5204148,-0.5640737,-0.4062378,0.032268643,0.2021767,0.39884874,0.4084561,0.4023226,-0.010033723,-0.004506988,0.005778795,-0.10774495,-0.086423755,0.0028571496,0.17526084,0.19629323,-0.46508694,0.07439954,-0.08912354,-0.039412342,-0.5657739,-0.38570297,0.104484774,-0.16091394,-0.2878782,-0.49058485,-0.5833815,-0.113749854,tutup
-288.90308,84.21584,34.681446,22.365847,13.711666,12.732936,12.13449,3.1018856,-4.750068,-2.806658,-8.363667,-2.3087556,-3.589506,-0.1743048,0.17415579,-1.7896043,-2.4486053,0.4551906,-3.7333634,-3.2969344,-5.6295843,-1.3113296,-3.8867452,-2.5829766,-3.672015,-0.91660076,1.1594584,4.590278,1.6889204,4.2951026,0.038096912,1.0150447,1.3596311,1.761377,2.5175931,0.48342514,-2.2046127,-0.8045854,-1.0774151,-0.79125756,0.8462819,-0.7027516,-1.1554967,0.6910663,-0.7693938,1.9985683,-1.9328865,0.93388534,-2.7179482,-0.48273492,-0.12696426,1.2559787,-0.43694183,1.3910648,-0.49590373,0.21371737,0.27840778,-1.0608089,-1.6261826,-1.8396053,-2.4330168,-0.0040857866,-0.369179,-0.05791148,-0.10194691,0.0018777599,0.172023,1.279995,0.9918207,-0.22259031,1.2334385,1.1871265,0.9455711,1.0138425,0.09884183,-0.15696481,0.22040385,-0.010312722,-0.5083996,-0.34963083,0.42381406,-0.34446594,0.1419421,-0.23272188,-1.1581354,-0.1929059,-0.3671513,0.23884371,0.018568853,0.25236645,-0.016666215,0.4343454,0.21623182,0.4385894,0.0615682,0.13229477,-0.13293266,-0.3849305,-0.18302488,0.54282725,-0.84212226,-0.4745387,-0.08157458,0.24854003,0.088379145,0.07981758,-0.077087134,-0.011475853,0.13388254,0.5084549,0.20706104,0.08704093,-0.30705088,0.2410991,0.22567637,-0.72703624,0.069661595,0.11089478,0.29754996,0.2842829,0.033718843,-0.21982974,-0.2117444,-0.06623351,-0.24571194,0.2267291,-0.75356656,-0.4280204,tutup
-261.24597,83.98664,28.559118,21.838888,16.582441,12.748433,8.235682,1.6960701,-6.0356464,1.7500299,-11.417699,-4.811259,-0.5751646,-1.1649204,-2.729256,-1.6428472,-3.870155,0.21720974,-0.93290603,-1.6156663,-3.5115244,2.3025873,-3.960739,-2.814514,-2.449833,-0.43769315,2.4342818,5.459415,3.124544,2.0018063,0.12099434,-1.2400215,-0.99076796,1.813807,-2.2667594,0.94830066,-2.366355,-0.21546698,0.91235435,0.3901875,-0.51420635,-1.4460589,-3.0685172,-1.1947134,0.2875776,0.12722656,-1.9587522,0.6665927,-1.4155526,-0.27698302,-1.3588153,0.07101233,0.47182673,1.546207,0.6442957,2.3231251,0.6372368,-0.042724323,-1.2586067,1.0716945,-1.0914183,0.45682046,-0.14406526,1.1154982,0.16649225,0.25253105,1.1461647,0.05960789,0.08798152,0.36934054,0.73271006,1.0680488,0.72422576,0.9460921,0.13174964,-0.8235203,0.20098908,-0.35875568,-0.49588147,-0.3844182,-0.23154992,0.49249086,-0.5695979,-0.27994084,-0.4080214,-0.56211096,-0.767332,-0.024634289,-0.9290808,-0.06655045,-0.0336709,0.33868092,-0.21368821,-0.10240601,-0.26371387,0.315341,-0.551926,-0.45083374,-0.6849185,-0.21982355,-0.93356806,-0.7931628,-0.25319362,0.59674716,0.917557,0.34801972,-0.39646402,0.14988653,0.25215918,-0.10615366,0.44319406,0.043517176,0.23302932,-0.63436145,-0.19835097,0.092351064,0.62710303,0.034215204,0.30519783,0.46391863,-0.28347695,-0.45747808,-0.473769,-0.6006801,-0.1959781,-0.43606892,-0.100285225,0.16824846,tutup
-292.88254,84.37716,30.596775,20.01163,11.447282,11.072604,13.940706,4.095236,-3.0056736,-0.18173362,-6.1327124,-4.1664424,-2.5119243,-0.29130912,0.6132585,-0.73553646,-3.2212741,0.63931847,-4.7470975,-3.108841,-3.817084,0.77792805,-1.0958577,-0.3735953,-0.11058444,1.6709028,0.8925045,4.8614364,2.432186,3.828331,-1.9169798,1.086046,-0.63081706,0.36674765,-0.66512954,-0.9690526,-2.7864478,-1.1858251,-0.32509547,-1.4164823,-0.007153511,-1.0842488,-1.4236565,-1.166474,-0.7719632,0.9108767,-0.4729395,1.9860957,-0.6493278,0.7008996,0.054616414,0.56689173,-0.7403722,-0.4449845,1.037649,0.29640666,-1.1338118,0.68130314,-0.13579668,0.48760733,0.85190356,0.2917504,-0.2813942,0.8073158,-0.6118566,0.674813,0.9188566,1.2967373,0.15012398,0.9371,0.43790525,1.6263437,0.6077841,0.947542,0.072073214,0.062809035,-0.22187074,-0.9157078,-0.32923773,-0.5387187,0.18850224,0.40076825,-0.33575973,-0.39953074,0.2587721,0.10989106,-0.1623282,0.24349627,-0.03997362,-0.027171513,0.29275978,0.42877588,0.06070999,0.622299,0.10129131,0.018546814,-0.038546596,-0.87390256,-0.28488898,0.22249143,-0.5944232,-0.7010327,-0.6883465,0.27929842,0.2005152,-0.22879796,-0.4201855,-0.33014187,0.29114226,-0.12816033,0.21583548,0.15937944,-0.11840954,-0.25759152,-0.2602298,-0.20958498,-0.08901176,-0.6670902,-0.7816477,-0.16198264,-0.17230779,-0.62630546,-0.43037212,-0.5773695,-0.037098005,-0.6961468,-0.20361564,-0.18432972,tutup
-7.2911963,68.28305,31.453094,29.20507,15.900772,12.654619,13.624877,8.607842,4.135012,4.108977,1.4592512,3.084418,-0.97393215,2.0560815,-0.620865,-1.1565458,-0.9582594,-0.22145613,-2.3791265,-0.84973204,-2.5066328,0.4736515,-0.085038304,-0.73494834,-1.5204499,1.1477338,-3.699657,1.5392765,-1.3748342,-1.6726785,-0.81807905,0.40320715,-0.14156252,2.5760047,-0.24919677,0.6386942,-0.6827198,-0.52252585,-0.99266356,0.59776026,-1.1221435,-0.07355409,-1.0211868,0.7847678,-0.46052706,1.644482,0.39567184,-0.87763697,-0.1956098,-0.275447,-0.6722427,0.68325937,0.28462407,0.6570148,-0.26354206,1.085374,-0.6349608,-2.1447303,-2.5279644,-1.0682977,-0.72798663,0.37572375,-0.39009738,0.69532067,-0.43672773,0.87623006,0.86997193,1.4202069,1.2985777,1.333561,1.4594619,0.96677923,0.9143142,1.0884973,1.1947393,0.0430911,0.5655937,0.86214286,-0.69394946,-1.930182,-0.19939698,-0.24529766,-1.3004456,0.105717435,0.24655063,0.0836673,-0.09533552,0.80154115,-0.28180715,-0.3209749,0.5978804,0.6467059,-0.16695122,1.2095531,0.5494826,0.33200467,-0.2572982,-0.44999883,-0.5921961,0.15666743,-0.21551156,-0.515332,-0.28954607,0.13675478,0.010257969,0.41312,-0.44727856,-0.39387584,0.75744236,0.029433118,0.5916214,0.42114198,-0.3032446,-0.039693125,0.1474428,0.28571978,0.7697644,-0.050059766,-0.108309396,0.6266674,-0.506584,-0.5520745,0.1041928,-1.1140097,-0.43632054,-0.20589817,-0.71865565,-0.34688452,tutup
-243.47185,88.583015,32.063564,22.973932,15.571204,9.334636,14.003094,1.6536161,-6.637897,-1.4739193,-6.458964,0.82272106,1.3335197,0.9643068,0.1606183,-5.200749,-4.1306076,-0.1550521,-2.9550755,-1.0396817,-3.6577816,0.17972915,-3.2320633,-1.7105122,-3.619489,-0.97441053,-6.4750357,1.1829458,-0.153406,-0.9844266,-1.803797,-0.91559184,-1.5755926,-0.39436284,-0.72338057,-1.2828183,-1.2708912,-1.3166438,-2.4130623,0.41654316,-1.9035982,-0.9355092,-3.1141832,-0.29436997,-0.3308859,1.8067919,1.845943,3.9108272,3.0134635,2.7380092,2.653403,2.017277,0.9751007,0.7972763,0.282062,0.13394499,-1.9120402,-0.041679025,-1.3636698,-0.65588045,-0.19245474,0.63891786,0.7310841,-0.036846902,0.055722017,0.0698433,-0.4095077,0.6889264,0.69927764,1.5286789,0.8603871,0.6272462,0.26658916,1.0608612,0.20154649,0.35652417,-0.19132814,-0.83447886,-0.18836844,-0.42364094,-0.8713474,-1.5731742,-0.4729197,-0.39762482,-0.49820745,-1.2860186,-0.43329826,-0.6211571,-0.33611342,0.14345227,-0.27583686,-0.15736547,0.80625427,0.48747525,0.1689442,-0.07528101,-0.39996055,-0.7552056,-0.5643151,0.13461235,0.10361668,0.0047820513,0.11302768,0.61327475,0.6505156,0.23545292,-0.26009777,0.7250493,0.7063614,0.6722259,0.30877927,0.30257908,-0.23151201,-0.35397622,-0.15243609,0.29928645,0.23693076,0.31552565,-0.45324898,-0.3112116,-0.7779258,-0.98759884,-0.33291012,-0.30909503,-0.40643644,-0.5325971,-0.40823123,-0.44998205,tutup
-250.1564,92.26448,35.096245,21.897266,14.416788,13.888285,15.283078,6.047234,-6.7885413,-1.8052891,-7.4928813,-2.8009534,-0.22161877,0.8884058,-1.0958561,-4.1866393,-3.9501915,2.179206,-1.7543191,-2.6827939,-2.643575,-1.5006195,-5.1247077,-2.204969,-1.8350878,-0.67966026,-5.2675767,-0.614831,-3.0168815,1.288042,0.6506412,2.8399496,3.0655499,3.6111832,6.522078,3.8936582,3.6746023,4.2507005,2.272189,-0.06183115,-2.0587687,-2.0086133,-3.1406977,0.356736,-0.49709672,-1.243238,-3.234889,-0.13352315,-1.1128116,0.8029739,-1.611743,-0.95677906,-1.5684873,-2.5556705,-1.3361001,-1.1699175,-1.7029439,-0.5980715,-0.94785756,-1.0572709,-1.2400999,1.0305878,0.9441791,2.1324754,1.0740794,0.3367282,2.356514,1.4230465,0.32206622,1.5088603,0.9640368,1.0949627,1.4575937,2.762253,1.1512148,0.8080913,-0.07575861,-0.03853993,-0.03904748,-0.34449446,-0.8546552,0.31838718,-0.92186844,-0.23441488,-0.6459074,-0.24974063,-0.28902972,-0.34251502,-0.11083579,-0.11818111,0.3012818,0.17717667,0.32256323,0.89052504,0.929756,-0.05474067,0.2061277,0.08302092,-0.71653354,-0.01575244,-0.2885063,-0.31235975,-0.61113816,-0.2781374,-0.23718771,-0.58997947,-0.93962556,-0.8585361,-0.27185774,-0.20048515,-0.35476613,-0.11906762,-0.36176288,-0.73359174,-0.19513966,-0.09323998,-0.2956311,0.5011624,-0.3030786,0.2080645,-0.23044659,-0.22652379,-0.0591721,0.08064456,-0.41680133,0.17577063,-0.32776007,-0.3353151,tutup
-288.67303,89.67963,32.259624,23.767603,12.561583,10.109285,14.107164,6.0540457,-6.1872654,-1.7397326,-9.621915,-2.4460151,-1.4372175,-0.4461787,1.1670954,-2.2955115,-5.7215424,-0.2976638,-2.6851358,-3.1698046,-4.1680527,-0.5642841,-3.5344126,-4.7859797,-4.702343,-0.42544308,-3.9550142,0.77986866,-2.0808647,0.029047247,0.50596607,-0.20295422,2.612819,0.15979922,-0.57367027,1.5125271,-0.73071647,0.6675665,0.2128553,-0.069328055,-0.77206403,-0.19197863,-2.6394517,-0.112403564,0.08732595,1.9795816,-0.037288193,1.4665228,-0.31926465,1.909581,0.33332402,1.1724977,-1.3980759,-0.24400502,0.17149132,-0.38262326,-0.5123536,0.70888096,-0.38304725,0.88410723,-0.435158,0.8477938,-0.21314552,0.35430938,1.0295569,0.8398824,0.9104847,1.3600258,1.0693151,0.4022656,0.18934138,1.8031203,0.83206034,0.7451371,1.0322609,-0.03772496,-0.26582807,-0.41322523,0.049104534,-0.36746702,-0.09825907,-0.12550306,-0.6528072,-0.32178342,-0.8357001,-0.05578579,-0.30795857,-0.53076017,0.031945888,0.19866699,-0.21389182,0.15272383,0.079477705,0.2059213,-0.17774348,0.56996655,-0.31842598,-0.21536863,-0.3906331,-0.2894373,-0.27718976,-0.25177917,-0.11044343,-0.3563145,0.34712094,0.0001414464,-0.0034177671,-0.12663133,-0.18452653,0.55022585,0.57279336,0.1637278,0.1970831,0.48087794,0.38679177,0.43259546,0.41608834,-0.056313008,0.10889076,0.13541539,-0.1374044,-0.42069796,-0.37478882,0.42467114,0.33056477,0.13436557,0.3869187,-0.35002518,tutup
-264.27542,67.33744,20.365345,24.844666,13.952492,14.010456,17.7242,1.9099461,-9.003008,4.7855806,-6.6033754,-1.6493412,2.6661186,0.19289447,-1.0036757,-3.5842001,-2.9155078,-0.46958342,-1.7044567,2.068098,-2.5109158,-0.5956837,-2.6108913,-0.55961543,-0.81919014,0.5091256,-4.484611,0.13418207,-3.630839,-0.89317495,-1.6391083,-1.0547494,-2.6639593,0.7205796,-3.138628,1.7229874,3.7541938,6.705107,8.045297,3.8270319,1.2080796,-0.049963027,-2.5871265,0.5828795,0.8967902,0.3919545,-0.87585485,-1.8357465,-2.5803714,2.8690054,0.13259822,-0.023115564,-2.6185868,-1.1532028,0.11781025,1.8619913,-0.72454715,-2.5100029,-1.6147443,-0.8059111,-0.5012074,-1.2754507,-2.0376394,-0.07753469,0.35994148,1.7148106,-0.9786314,-0.13163172,-0.46105084,-0.4248965,-1.4340229,-1.0369512,1.5005234,2.597533,0.89776856,1.3395206,1.5240662,0.1604812,-1.5640373,-0.76996523,1.3010225,0.23556921,-1.0168713,0.27291718,-0.09270194,-0.118557215,-1.6013247,0.614447,0.66706264,-0.9409589,-0.7828564,0.8876916,-0.3200587,-0.4001964,0.12966591,0.3175457,-0.43191406,-0.9429159,-0.50399405,0.2895337,-1.5332085,-0.4931309,0.08811393,0.050126456,0.06856791,0.46633166,-0.32721066,-0.21335736,0.94655097,0.2273354,-0.20756757,-0.7536183,-0.5661877,-0.8224085,-0.64166796,-0.21920009,-0.12358768,-0.48905277,0.6110225,-0.030813338,-0.5974135,0.78629446,-0.1301582,-1.1906437,0.4603245,-0.0747897,-0.8241515,0.6836006,tutup
-258.32117,93.97691,30.70748,22.309797,13.542757,8.889859,11.3320675,1.1994878,-5.0876837,-2.48338,-10.992444,-0.7421229,2.8853323,-1.8625441,-1.2802956,-0.7504408,-6.1688557,-2.2314682,-2.0265734,-0.830166,-2.878466,0.13815738,-5.528482,-2.6753073,-2.9106183,-4.0633774,-2.90599,0.61915505,-1.202904,3.563162,-0.2667655,1.7237701,-0.26971722,-0.58646184,-1.6541275,2.1311314,-2.8320184,1.5919881,1.3682469,-1.5264496,-0.9514914,-0.67459124,-1.2681156,3.0006492,1.4818349,3.0983734,1.6810757,-1.1326429,0.607116,2.3257492,2.2634306,2.5867705,1.3375019,0.6755328,0.43548682,1.3148384,0.69822985,0.7517043,-1.224127,-1.1861396,-2.2287617,-0.33739495,0.59971714,1.1631802,1.0352612,1.3285135,-0.056621604,1.0802069,0.12991747,1.3332301,0.82201725,0.80396867,0.17466423,0.905155,-0.19825995,0.16178177,0.12859201,-0.48896977,-0.9120756,-0.20008917,-1.1124338,-0.40845364,-0.88586414,-0.1827875,-0.2618884,0.43320116,-0.004392877,-0.14045806,0.4284762,-0.25029144,-0.3669843,-0.34970424,-0.31393823,0.03224348,-0.11361663,0.17429817,0.031940315,-0.7712313,0.11153347,0.14474644,-0.0761826,-0.5082704,-0.2520427,0.57222074,0.52488667,0.4135655,0.23078234,-0.600317,-0.4524528,-0.28056732,0.48547098,0.018482065,0.40443364,-0.19118974,0.13084386,-0.14410946,-0.021004817,-0.16699141,0.19003674,-0.46652958,-0.04731471,-0.2567185,-0.70732033,-0.08340163,0.19216041,0.16233842,-0.31752002,-0.48892188,tutup
-230.72021,98.400345,23.31626,21.741913,9.513508,6.6550055,7.3598547,-2.0383012,-8.083663,-2.1947403,-9.9194,2.450377,4.2508316,-5.777079,0.017611753,0.1624051,-10.344233,-1.8481117,-2.769605,-5.726195,-4.086416,1.356338,-3.8517077,-0.60071146,-4.645538,-3.0110786,-7.2705226,2.0391037,-2.4279745,-0.56117815,-5.9516106,-3.6815286,-0.14283788,0.6445283,7.2135983,11.288252,5.1117754,5.6418567,-1.9951036,-3.9906693,-2.3655963,0.7817564,1.6466087,-0.28712392,-3.4261727,-1.4716864,-0.09385757,2.8555,-1.2710018,-2.745553,-2.4139254,0.035514068,0.66399133,2.4667788,0.61552256,2.119307,3.306025,0.4597917,-0.45993665,-0.9195788,-1.417504,1.4904367,-0.32858717,-2.4175403,-2.501081,-1.889802,-0.5489952,1.093494,0.81682765,3.6318474,3.531635,2.917385,0.99477714,0.85265654,0.7464671,0.4729711,0.54898405,1.0153176,0.67951894,-0.5663624,0.21274911,0.39565945,1.0315082,0.1822642,-0.87367916,-1.0906023,-1.7470691,-0.61497915,0.37128812,-1.526791,-1.0916407,0.114177115,-0.5810735,-0.56755984,-1.5001625,-0.9372764,-0.8371281,-1.1598593,-0.4231002,-0.88345915,-1.5234568,-0.59539306,0.29360494,0.1143257,0.632011,0.49185392,0.21130686,0.15444925,1.0428964,0.24066792,0.34340492,1.5765299,1.0938869,0.3872656,1.0024579,0.016130073,-0.22793686,0.37669483,0.07582471,-0.068535574,0.5074287,-0.26990485,-0.8175847,0.062900335,-0.50986856,-0.33112112,0.26402786,-0.8772749,tutup
-222.62306,93.46173,25.805996,20.419872,18.770437,9.265759,6.4047337,-4.1566496,-4.1946354,-3.5511436,-10.22991,-0.7475282,2.445583,-3.1898324,-3.3427536,1.4073063,-8.008827,-1.8040867,0.70654947,-4.4873705,-4.7863407,0.7914447,-3.903235,-0.26990837,-5.657959,-2.8461294,-4.9059563,0.831601,0.56759226,2.8132017,-0.54981285,1.9715661,-0.68933594,0.09486644,-2.102429,-0.9204911,-3.1763077,-1.3809066,-2.4130442,-0.65365875,0.024652606,1.7530477,1.9660238,4.661922,3.1580603,3.6343915,2.119753,2.3899872,-1.1528611,0.60770845,0.062162254,0.14676185,-1.141011,-0.2533835,-0.79516566,0.5594143,0.71669793,0.03375733,-0.814402,0.5707846,-0.30526307,-0.11898682,0.6890749,0.20755297,-0.22900774,1.3340114,0.4249783,1.5707967,0.5360687,1.0638338,0.7964479,0.26339468,0.42248562,0.9191843,0.09202662,0.9152726,-0.45677125,-0.8690479,-0.9219093,-0.8343398,-0.8308781,-0.9315319,-0.3064878,-0.5707321,-0.2919509,0.7682119,0.25108984,-0.3461506,-0.48745224,0.57853776,0.09605311,0.2428151,0.18419124,-0.3871878,-0.122124575,-0.012697227,-1.0311224,-0.7470738,-0.6452307,-0.90049094,-0.51491493,-0.6523168,0.30276397,0.12397748,0.29081485,-0.40755156,-0.21658374,0.17755754,0.19629954,0.5881498,0.30826128,-0.0025484893,-0.38885424,-0.378441,-0.728078,-0.045060698,0.08101607,0.39358023,-0.13660711,-0.08956595,-0.34547076,-0.3109874,0.22674581,-0.24973333,0.2109588,0.06092601,-0.19248323,-0.4475036,tutup
-260.15802,104.056885,18.74128,24.227112,21.24015,1.0074229,-3.0440435,-1.7709473,-13.68942,-5.453018,-14.835422,-4.0209746,0.7517123,-7.822708,-0.9012661,0.99709576,-8.524567,0.6824323,-3.1777518,-8.007648,-6.356628,1.8065708,-8.613797,-7.121966,-4.9980736,-7.003203,-4.001463,4.4158874,0.29211113,4.254121,10.492414,8.803976,7.842048,0.066224754,-4.7874475,0.58556145,1.3936324,0.12415651,0.6966074,-3.2771769,-3.4906976,-1.3121538,-2.7506566,0.060253657,-5.7987857,-0.82098025,-2.5936234,2.1679852,-2.5479774,1.7165991,2.210097,5.117519,3.2577226,0.32255635,-1.8283176,1.0973464,0.08858618,1.673815,0.560849,3.7884278,3.2169194,2.3252275,-0.6992273,1.2161939,1.034259,0.2930784,-0.6522409,0.7370045,0.9691047,0.16577007,0.5658878,1.1064471,-0.49909446,0.7588109,1.5663229,0.87086195,-0.39048246,0.3331222,-0.14459677,-0.81919754,-1.8185894,-1.3276706,-0.5350469,-1.1706662,-1.003177,-1.082671,-1.6308509,-1.4408498,0.9561526,0.7855809,-0.48205695,0.07053553,-0.8656908,-0.22100906,-0.0014695644,-0.3815244,-0.94400793,-0.26602578,-0.027620789,-0.14471799,-0.72156775,0.0901625,-0.5844149,0.6456531,0.46019372,0.776922,1.6705916,-0.120610915,-0.30293772,0.40897506,0.6232133,-0.33342156,0.06250233,-0.1123229,0.108284965,-0.45172077,-0.05929632,0.11849773,0.061289653,0.27430433,-0.28158367,-0.3982064,-0.016873065,-0.0035266692,0.02738256,-0.081145346,-0.24636196,-0.43769318,tutup
-265.8812,92.42056,32.652035,22.518858,12.904273,11.980831,5.85687,-2.4908638,-6.9547014,-5.4439497,-12.849166,0.83180124,-1.2978078,-1.1930625,-0.73830813,-1.4481142,-3.249283,0.425422,-0.6763837,-6.219438,-6.5315742,0.5263429,-5.6586013,-1.287891,-4.816845,-2.163513,-4.7723975,-0.5450746,0.7218215,0.012897015,0.56445843,4.402482,3.8940501,0.19729012,-0.6147751,-0.3078852,-0.7221246,2.705434,-2.294195,1.0151594,-3.1816893,-1.3460549,-1.685858,0.3676113,1.6745511,3.3255208,2.8705626,2.3605185,0.36790764,0.34064138,-0.74751645,0.37094182,0.8558615,-0.47689554,-1.5001372,-1.5591141,0.10108857,-0.6513441,0.6500268,1.7623594,0.3992978,1.1333358,-0.015575365,1.8472322,-0.14538035,0.2704488,0.037018687,0.9583975,0.75840735,0.6290364,0.76099175,-0.38581303,1.063219,0.2788106,0.4899779,0.84787524,-0.41762096,0.5523182,-0.52574974,-0.8478473,-0.46544644,0.1718421,0.20003322,-0.8671678,-1.0046161,-0.88627726,-0.13944039,-0.43820977,0.0964609,-0.014225485,0.38616082,1.0836223,0.469766,0.48191053,0.27499464,0.14447415,-1.2996747,-0.10716886,-0.21618772,0.1487736,-0.729996,-0.04762026,-0.39869043,-0.052044902,0.009718062,0.08637987,-0.21367215,-0.6978515,-0.29255122,0.7824397,0.12695727,-0.0057353443,-0.39418226,0.20247644,0.11434573,0.08581812,-0.28897294,0.39255235,0.2730218,0.21203199,0.16422823,0.30729797,-0.13926622,0.33761263,0.121814385,-0.026950799,-0.524819,-0.18180072,tutup
-273.67822,79.11751,28.501547,21.721199,15.208169,13.956914,7.9046106,3.5023775,0.5480539,0.26913977,-4.3551335,1.1576532,-0.19069107,-2.0330875,0.073016636,0.28244305,-3.558217,0.1738951,-0.9038102,-3.1928551,-4.2265286,2.0440004,-2.8665545,-0.6750147,-3.7253942,0.32204705,-2.8608754,-0.1277648,-1.8818475,-0.29726747,-2.7798388,-1.8306688,0.48246628,0.4325465,2.017182,4.768505,2.8021762,4.0689483,0.11042929,-0.7732742,-1.5095309,-0.013282567,0.4757444,0.33262035,-0.6356369,0.095991,-0.3364221,0.81013435,-1.0344533,1.0764983,1.0759028,0.17688036,0.26790604,1.1122159,-0.69788426,-0.72225666,0.35204643,-0.48599684,-1.5929519,-0.5008381,-2.476912,0.38867718,-0.45242348,-0.11933519,-0.29875293,-0.3732868,0.04516631,1.2410467,0.16910934,2.0935738,1.8575894,1.5385436,1.268234,1.3967829,0.6679382,0.6213235,-0.62237024,-0.4893981,-0.36854905,0.54498804,0.115035266,0.1355837,-0.33592972,-1.2183206,-0.4780759,0.29135978,0.6060796,-0.4747137,-0.1103937,0.361195,-0.21269679,0.97723156,0.0048573785,0.10489194,-0.08055383,-0.02017633,0.3524529,-0.67364717,-0.50772905,0.081965275,-0.7261138,-0.3456317,-0.15668042,0.49359572,-0.14301655,0.13950567,-0.23964208,0.45064273,-0.038161382,0.4479554,0.072266504,-0.08626288,-0.17389084,-0.029181791,0.34985515,0.43424484,0.044027213,-0.28539798,-0.25479978,-0.08962942,-0.59060645,-0.51196504,-0.45819452,0.080148,-0.2047975,0.09587614,-0.5678394,-0.78258866,tutup
-263.35455,87.442,26.795845,24.92412,12.124223,13.678249,10.744497,-1.5180258,-4.474148,-1.5577257,-9.026807,2.5998414,0.026870463,-3.45065,-0.7639802,-1.1876891,-6.8767214,-1.7767462,0.49845058,-3.8299983,-5.323543,0.152335,-2.7635877,1.2396079,-4.603388,-1.3306704,-4.5058203,1.2678418,0.49617502,0.73235327,-2.2306874,-3.507435,-2.6767917,-4.317561,-2.313517,3.428816,2.3233886,4.6264477,1.8476622,1.6395261,2.7485507,3.1970377,1.0073997,1.8128276,0.7947764,-0.090185106,-1.1970266,0.27143866,0.58965456,1.7481586,-0.5884942,-2.0847702,-0.7711146,0.09671995,0.10731416,-0.65616494,-1.138001,-0.5069234,-0.9972441,-0.06892021,-1.2941743,-0.7755841,-0.1651323,1.1368229,-1.2302951,-1.0197134,-1.731331,1.2351056,-0.08437014,0.09838649,1.5134926,1.0957392,1.5331801,1.2821361,1.1883088,0.49775168,-0.22613487,0.48115206,-0.39717582,-0.9306311,0.28704575,0.64234155,0.7043302,0.8110752,-0.07299458,-1.0402105,-0.24260095,-0.8370342,0.17574821,1.0293776,0.2330469,0.87034726,0.05582884,-0.3327572,-0.05534131,0.13506053,0.27548933,-0.6226794,-0.7194082,-0.39800185,-0.7797178,0.026312726,0.084679745,0.9178574,-0.06526479,0.4512897,0.1408873,0.032005817,-0.56959003,-0.064923696,0.32254976,-0.26859936,0.00977817,0.16496955,0.0033096387,0.033758182,-0.20108634,-0.2715679,-0.037172772,-0.20493574,-0.4570838,-0.29853916,-0.04540288,-0.4870183,-0.33027807,-0.2445847,-0.39925706,0.1683376,tutup
-246.37006,87.95049,32.728275,23.304369,12.528891,11.852137,10.009133,1.2094336,-4.0901766,-3.0086918,-8.557669,-1.4476868,-1.1608269,-1.3493401,-1.0767007,1.0564507,-4.1806116,-1.8374078,-0.08386761,-3.9142435,-5.615718,-0.8040476,-4.963402,0.26531017,-4.540051,-0.30147052,-2.9421637,-0.54127413,-0.30248094,1.3995216,0.4468603,2.7557094,2.8543897,3.5594358,0.039697003,1.2021719,-0.23186986,1.0727439,-0.44378704,0.11868816,-1.3583274,0.48648122,-0.6933273,0.8189455,2.1367912,2.628815,2.5378184,2.4795234,-0.7200649,0.34692213,1.077162,1.1346959,0.38203284,0.28828335,-1.9597762,-0.8920168,-0.8165285,0.25098825,-0.34028423,0.2499851,-0.28977215,-0.41485083,-0.023481993,1.1478385,-0.17965196,0.8504339,1.0656568,1.8851902,0.82733345,0.7702738,1.3915352,0.90951616,1.0200785,1.2126122,0.85719895,-0.31989905,0.0069319247,-0.20737022,-0.75584626,-1.3146938,-0.5333113,-0.8196064,-0.16546828,-0.4292277,-0.57353735,-0.9459323,-0.7222909,-0.5513497,0.0008668528,1.132071,0.6064012,0.14103612,-0.21568348,-0.12659226,0.7193112,0.0992744,-0.27894175,-0.26646668,-0.9732727,-0.50378036,-1.0737176,-0.26431572,-0.21849868,0.26520297,-0.055660628,0.18722132,-0.16792652,-0.13186865,0.08191228,0.040445432,-0.1071477,0.19150673,0.19111577,-0.05599491,0.08418859,0.87730646,0.4417857,-0.13040227,-0.3695891,0.21024692,-0.2801775,-0.22171544,0.012634578,-0.059038766,0.030394217,-0.24942052,-0.029173631,-0.40237072,tutup
-269.1873,83.977425,26.072752,23.223461,11.076325,14.509612,9.227647,-1.175966,-6.21328,-4.6461673,-11.478606,-0.07955542,0.96275693,-2.9821436,0.756017,-0.3266263,-5.6534276,-0.6572757,2.3872526,-1.4360387,-6.55504,0.12526321,-3.5416384,-1.1865096,-6.1734495,-2.0388427,-3.6508298,-1.0264524,-1.5246592,1.036185,-2.3303058,-0.93574405,2.004262,3.742095,3.75185,5.292163,-1.6565021,0.8599627,-2.2679534,-0.7012449,2.679053,5.5337257,3.1376586,2.6926298,0.55445653,-0.12584655,-0.9627493,0.072593585,-1.2850829,0.35415643,-0.007303821,-1.7133482,-2.1150997,-0.48288527,0.28183848,0.23581865,-1.7336689,-1.5378958,-2.3676062,-0.29397216,-1.7244195,-0.4787405,-0.9379969,-0.008495537,0.7015956,0.95138204,0.9288677,1.60187,0.48605868,1.1681119,2.5930536,0.6244457,0.38629818,1.3849868,0.14839585,-0.6150937,-0.12137977,-0.116988696,-0.5587624,-1.19101,-0.8119503,-0.13852417,0.39162013,0.69023424,0.918604,0.53104675,0.89758027,-0.11695861,0.31686735,0.8732385,0.2230234,0.08824809,0.10617709,-0.8082747,0.39186203,0.36161453,-0.0742178,0.028952999,0.046065982,-0.01774039,-0.7939506,-0.45521194,0.43770608,1.0961043,0.6529885,0.21462391,-0.4925184,-0.4426618,0.13568263,0.16929111,-0.10176026,0.69685704,0.32853246,-0.22114293,-0.3679539,-0.15734516,0.035220873,0.07283331,0.68585366,0.57765937,-0.13694791,-0.41563916,-0.23935264,-0.43741795,-0.5263226,0.2551166,-0.076748505,-0.37388816,tutup
-244.22826,90.94602,31.520426,23.076849,9.971639,11.148747,11.325408,-0.4870543,-4.5117674,-2.5554683,-9.9918785,-1.0355544,-1.3169756,-2.5808516,-0.05408565,0.57040936,-7.4489,-2.7645247,1.2476865,-2.9342191,-4.437493,1.9774806,-3.903742,1.6915948,-5.564768,-0.12762275,-5.077491,-0.29378688,-1.6764404,-0.8873671,-2.0358768,-4.431362,-2.6191497,-3.5110886,-3.0103984,1.2840947,4.732341,9.797304,8.269927,7.6267524,4.5633297,0.969424,-1.2471869,0.6126351,0.5073734,2.7968638,-1.471468,-1.3278735,-1.2645215,0.72560364,2.5724044,0.051619634,-2.0048826,-0.96627265,-0.45844567,1.2438707,0.026013756,-0.5951817,-2.66972,1.2787325,-0.19772688,0.2240842,-1.6710047,-0.11333163,-0.93594164,0.8262271,-1.912762,0.13420722,-0.48230627,1.1507536,0.17736502,-1.5283496,-0.3987729,2.183218,1.7644418,0.79060507,1.672987,1.6699297,-0.111081176,-1.6395438,-0.15447164,0.91665804,0.25981373,-0.8275508,1.0093123,-0.22976387,-0.22182226,0.17982706,0.49244526,1.2213665,0.013577249,0.5317637,0.9270166,-0.12459357,-0.10112259,0.44139853,0.056302696,-0.7340413,-0.12590545,-0.40038243,-0.50639504,-0.25407195,0.21094353,0.5217851,-0.17434208,0.42963332,-0.12395665,-0.5352256,-0.09521728,0.4313001,0.111495905,-0.41642156,-0.816238,-0.5510053,-0.3422408,-0.58359474,0.07939726,-0.4352103,0.011212708,-0.053532146,-0.66061413,-0.39913952,-0.16563322,0.24851632,-0.22064732,-0.22017257,-0.14829282,-0.34973687,tutup
-264.8623,84.29321,35.882862,22.89318,6.1998825,10.056542,11.170728,0.20484827,-7.684418,0.6787917,-14.143877,-0.6010014,-3.7536466,0.68576545,2.8380084,-2.9958615,-3.2234957,-0.6648072,-2.327938,0.08463875,-5.978426,1.9339229,-5.378752,0.95769334,-3.0423963,-3.570744,-3.5779686,0.587748,-2.9072092,-0.8751916,-3.531824,-1.997082,-4.2750506,-1.9443201,-1.8053949,5.868437,3.781765,9.9796,8.620478,3.5208244,3.3044086,-0.15502521,-2.019781,-2.8046534,2.4009778,-2.0223722,-0.16114855,-2.1065269,-0.8626817,0.66914636,1.0841807,-0.28419283,-3.0219057,-0.09912196,1.0681199,0.43051282,0.008808386,-1.4801152,-1.9899783,-1.1985549,-1.99226,0.6394649,-1.0668457,0.16195908,0.18048553,-1.0161701,-2.2441182,0.33461574,0.8854282,-0.4724782,-0.29651958,-0.74458736,0.629756,3.0176558,1.53729,2.4875798,1.7980376,0.12459457,-0.54666626,-0.7913519,1.1336854,0.7066555,0.19889045,0.8898311,-0.14480978,0.29737127,-0.785047,0.6314469,-0.23175573,0.2418979,-0.26138487,0.058015164,-0.27747887,-0.30699745,0.4983027,0.20891736,-0.28443798,0.3337411,0.0075815567,0.011219131,-0.55852073,-0.5342058,0.34502962,-0.020691963,0.5374042,0.72365004,-0.11212155,-0.19593221,-0.074695796,0.6930425,-0.1950154,-0.77139926,-0.59447664,-0.54353863,-0.8957328,-0.5832914,-0.53449494,-0.3012295,-0.38063294,0.56090665,-0.16318151,-0.08064176,-0.40046787,-0.37095046,-0.07186151,-0.10501075,0.15625538,0.81514627,tutup
-288.119,89.97723,34.157906,23.259693,11.8500805,8.003705,8.928811,0.23731558,-3.8794086,-3.350717,-10.439827,0.04740211,-0.24180412,-0.18990031,-0.078137524,1.4716703,-5.3704185,-1.3608825,0.67291284,-4.342525,-5.097697,1.8385412,-5.478721,0.3357294,-4.2268157,-0.41846687,-3.528266,0.55670357,-0.5131454,2.8780243,1.3830981,2.8968349,3.2961638,1.2876488,-2.048698,2.3527942,-1.608477,1.9628712,-2.5813217,-1.1870264,-1.3954576,0.8657778,1.8056029,3.5774965,2.4694722,2.0125842,0.7392683,0.14592391,-0.45021957,-0.17917089,1.0438166,-1.3010428,-1.2525377,-1.161882,-0.4113066,-0.63346064,0.09250998,0.6271896,-1.1481757,0.38413283,0.70117635,0.76099646,-0.26620856,0.86597294,-0.521428,0.38634187,0.7337469,1.4156489,0.9048892,0.2502088,1.29454,0.3966446,1.3749173,2.079359,0.9313356,0.21842308,0.7278233,-0.7060167,-0.8592822,-0.17211254,0.011433121,-0.73340946,-0.83334297,-0.5162302,0.48261118,-0.17294414,0.5588013,0.096718304,0.16619614,0.32290936,-0.17983276,-0.13284278,0.29833406,0.3435208,-0.13127817,0.14393418,-0.4439451,-0.6945814,-1.3406725,-0.4618118,-0.8553526,-0.5829262,-0.24306571,0.46099716,-0.3696796,-0.034463502,-0.012029377,-0.2341251,0.14099708,-0.244462,0.62536067,0.75354236,0.06792978,0.27340412,0.14071424,0.36492252,0.37672102,0.31756258,0.026841871,0.18624346,0.25571966,-0.12601998,-0.1429397,0.08692409,0.06514802,0.13944615,0.049752668,0.04139105,tutup
-249.55972,82.93732,29.575947,21.881426,13.76179,13.896262,9.228836,-2.7807777,-6.9387245,-1.7413077,-9.026982,3.129307,0.33025855,-0.9565748,-1.0237406,-0.7053861,-4.9400787,-1.7710618,1.5451555,-2.9839861,-5.856695,1.859074,-4.707776,0.22842835,-4.0523643,-0.8337783,-4.721248,1.2857928,-1.450495,0.19460413,-2.839198,-3.083137,-0.38859132,-1.1509908,1.6469996,3.380032,1.5353155,4.8712354,1.2344271,3.833866,4.599255,4.400418,3.1969573,-0.3006326,-3.2141793,-2.0944023,-0.888958,2.0118892,-1.4442974,-1.4812132,-0.96249336,-1.4103743,0.97125787,1.6467508,-1.6508424,-2.5793324,-0.028165406,0.1106748,-2.6096327,-0.6643794,-3.0767968,-0.29334447,-0.2731722,0.5783237,-1.5021876,-0.52535903,-0.23928721,1.9864744,0.83375084,1.6918442,2.439096,1.3886812,0.8042001,1.6196157,0.7482723,-0.49057505,0.74240816,0.9301189,0.10003344,0.63729286,1.0864269,1.3219525,0.8555518,0.7782393,0.5956053,-0.0068723313,0.06955161,-0.10642984,0.6995992,-0.25856507,-0.66377234,-0.30976245,0.82192343,0.06667482,0.31227535,0.11744804,-0.9357027,-0.66905165,-0.9126983,-0.26190343,-1.0430651,-0.8996513,-0.15839808,1.2981509,-0.1575052,0.55787206,-0.18243904,-0.61821103,-0.4152704,-1.0014052,-0.076709695,0.073269285,-0.12756225,-0.14236227,0.361698,-0.16433008,-0.008614979,-0.27241433,-0.5314085,-0.05500445,-0.2429436,-0.7406866,-0.25623152,-0.04094126,-0.1564972,-0.3532861,-0.47298837,-0.21363436,tutup
-227.75809,91.945625,38.039047,24.448427,11.033711,10.901561,9.62214,0.392752,-4.598697,-2.4255106,-10.447105,-0.54785645,-1.5803823,-0.6700462,-0.19199303,0.83456993,-4.7667036,-4.120348,0.829685,-4.7436957,-5.74461,1.0358962,-3.801094,1.9039708,-5.762218,0.0137403635,-5.2310586,-0.07684144,-0.396754,-0.35397062,1.1869624,2.1597724,1.6298119,1.842636,-1.4350797,2.3154094,-0.23152228,-0.7413198,-1.527126,-2.221205,-2.4623916,0.059850223,-1.6184576,0.37392843,2.1163208,3.6961205,3.987556,5.097035,2.5633667,0.8185987,0.053794805,-1.2606831,-0.7233437,0.065339014,-0.71420145,-1.6941185,-1.5475565,-0.9833164,-1.9188462,0.18837446,-1.0883663,0.7220075,-1.3042598,1.4103007,0.6160616,1.3412311,-0.4515518,0.13137324,0.34251562,0.21892904,1.853547,1.0430397,1.1129252,1.2152963,1.2111388,0.056341883,-0.35303035,-1.3468782,-0.59427935,-0.4884636,0.3342976,-1.3238057,-1.3609076,-0.49724784,-0.009008145,-0.9849318,0.10831614,-0.5620637,-0.6387128,0.11292618,-0.07928314,-0.1070504,0.50123155,0.38916335,0.29925677,0.99602944,0.597054,0.58498174,-0.9700182,-0.20395236,-0.3293065,0.41774672,0.012770117,1.599078,-0.005169751,0.15947834,-0.10128855,0.1401476,0.014596312,-0.11711567,0.0063389926,0.3768973,0.08266735,0.6190785,0.31488964,0.50186545,-0.04373844,0.40887415,0.099533975,0.3657556,-0.23131013,-0.10951315,-0.016862942,0.08675528,-0.33243227,0.46346542,0.62363964,0.06984989,tutup
-232.58267,89.29018,30.49033,24.930462,13.458485,14.879838,11.657237,-0.4284111,-2.3334475,-0.78491956,-11.587819,4.654991,1.706461,-3.0561824,0.888412,0.64479315,-5.108403,-2.4879515,1.8680329,-0.587796,-4.3683414,0.9632279,-3.9704852,2.0999165,-4.242007,0.45549735,-3.026678,0.09519627,-3.4914565,-1.215138,-3.4023457,-2.778416,-1.6391205,-3.6244593,-1.5928409,4.923134,7.494569,11.643893,9.747055,6.4597626,3.2340074,0.5393018,-1.7415283,-0.31880417,2.66563,-0.0055444203,-1.7605816,-0.677652,-2.1833518,2.0185335,1.9257058,-3.7578108,-1.8998086,0.26462445,0.6493603,0.0036086815,-0.64554745,-1.7654575,-2.1322696,0.90371865,-2.308148,-0.60383976,-2.1642423,1.1474787,-0.018976564,0.56067693,-2.089581,0.8735414,0.81960195,-0.74016654,-0.56249446,-0.075788,2.4346242,4.2017665,2.7582057,2.0527525,3.021539,0.25587592,-1.371833,0.73261064,1.6097544,0.8323894,-0.31118587,-0.12924312,0.33688027,0.017529994,0.079788394,-0.025600184,-0.929492,-0.628781,0.3784914,0.09766677,0.031037148,-0.60870886,0.5805517,0.6784269,-0.5609791,-0.52969164,-0.5107737,-0.22629033,-0.9078734,-0.55866265,-0.36568996,0.709159,-0.3444388,0.45342037,-0.19782099,0.05633543,1.0382456,0.23077235,-0.10546937,0.07074593,-0.915673,-0.975573,-0.8597301,-0.884967,0.0031567996,0.23250099,-0.13580321,-0.45196688,-0.8703761,-0.10789864,0.18243507,0.042475868,-0.7863762,0.039093092,-0.35333893,0.501736,tutup
-265.7544,83.23312,30.248983,22.766018,10.549884,11.27665,12.515366,-0.65537024,-4.636184,-0.7578984,-9.160177,-0.786558,-0.3095629,1.9556283,0.4276256,-3.0988512,-3.8560023,-0.05857289,-4.2543883,-0.41148958,-5.375901,2.072963,-2.9406126,0.30405837,-0.7052135,-1.0076486,-2.9203408,3.0034409,-1.7664038,2.5998852,-0.303815,2.812249,-0.53031605,2.4382043,-0.43827328,0.78346694,-1.0398189,1.048326,2.016038,-0.27720675,2.2783704,2.6965866,2.9290445,1.5881425,0.108350635,0.15341741,-1.4896971,0.65528566,-1.0928034,0.49742556,-0.79172146,0.14425464,-1.1212622,-0.05765301,-0.04083974,-0.07029786,-0.711706,-0.5881173,-1.1401566,0.11573702,-0.7920838,0.15118109,-0.2661173,0.48717627,-0.25886032,1.1000948,0.54199845,0.21864246,1.1189688,0.890828,1.6505857,1.2775835,-0.25139764,0.6147834,0.3227261,0.5370294,0.05259824,0.069293655,-0.10998337,-0.5674163,-0.31468862,-0.38175243,-0.1824203,1.0204418,-0.4504261,0.5275097,0.68497735,0.077668644,-0.5135242,-0.21565661,-0.15424423,-0.15813743,-0.8493697,0.66492,-0.00039328795,0.72015786,-0.98629314,-0.06247556,-0.77956194,-0.44639835,-0.66506374,0.013232791,-0.13034941,-0.45097625,-0.15728661,0.29115295,-0.11627245,0.070874505,0.02453505,-0.06561813,0.31339672,-0.3045904,-0.23270676,-0.025872182,-0.090098344,-0.3344721,0.47490007,0.034350246,-0.0064559057,-0.5045307,-0.22146511,-0.3645345,-0.2622396,0.06398177,0.108446956,-0.25181052,-0.34506306,-0.09967015,tutup
-228.45718,90.04756,35.730476,26.97823,10.73283,11.257833,12.193933,0.33926862,-7.4416404,-1.5787544,-10.812841,-0.18600625,0.32534692,2.5211256,1.5350555,-4.103962,-2.6420913,-0.11324294,-3.634567,-0.74910545,-5.4086275,1.4884965,-4.903823,1.3659164,-2.20405,-5.3852005,-4.8486104,1.1549863,-6.1244802,0.591444,-5.887045,4.6748505,5.5419984,10.467117,8.4208555,6.0348206,0.47194272,-2.7199123,-2.44554,-2.2902803,4.1990724,1.792822,-0.5862901,-3.513196,-0.29407376,0.6294682,-0.15144108,0.5588625,-3.6884265,-0.31552348,-0.13750425,1.1120846,-1.5155193,-2.4487169,-1.124185,0.59330213,-1.4172243,-3.1202693,-2.4498198,-0.6071131,-1.8317097,-2.6067674,-3.591555,-0.05697268,0.5176765,1.9974058,3.2606435,3.2228436,3.4927106,0.5958932,-0.68905306,1.9405344,1.6973374,0.93519,-0.9067229,0.7030745,0.057296306,-0.2767382,-0.39007276,1.2347806,0.11127313,-0.36327893,0.4580849,1.9639453,-0.67797256,0.8003367,-0.21868755,-0.3749604,-1.3322283,0.055378214,0.47911593,-0.7497954,-1.0594134,0.17004949,-0.57743263,0.6161846,-0.5920905,-0.7545979,-1.0030769,-0.09934553,-0.19968666,-0.85377246,-0.7310907,1.1043442,0.2060584,0.9739487,0.7518767,-0.437606,0.35292354,0.5093163,-0.022044333,0.06258371,0.3830965,0.4263327,0.053089466,0.64328676,0.047288284,0.029023442,0.6094767,-0.14328705,0.25566313,-0.13896093,0.37634203,0.045289032,0.3106052,0.50019264,0.27753472,0.073214166,tutup
-249.81905,86.62276,30.365446,21.503021,10.028955,12.394655,12.539836,-0.2097751,-5.1043806,-1.9930991,-7.3995433,1.2644718,0.7691193,1.2203535,-0.19574535,-2.0476656,-2.4287243,1.1753362,-5.740569,-4.20764,-4.8104467,0.24679759,-2.1432648,1.7323421,-2.9697723,-1.1007512,-3.047022,3.5157673,0.09606615,5.642378,-0.15625586,2.8451364,0.0986492,1.1070874,-0.59552884,0.22590135,-2.1866446,-2.1241589,0.0038697042,0.7874188,3.2688084,6.1347213,2.8648965,0.84051913,-1.707368,0.09009741,-0.5734319,0.9058317,-0.9884297,0.62354684,-1.404166,-0.93474966,0.32707727,0.8188029,1.0823944,0.7479223,-0.9951351,-0.9153661,-0.90356606,-0.0899141,-1.1701819,0.35351694,-1.2443776,0.2933195,0.2963761,0.79022455,0.4503722,1.0264286,1.3388512,1.9659741,0.6312269,0.75636077,0.31911236,1.0743326,-0.3315288,-0.05753617,-0.514631,0.44681272,-1.1606208,-0.19225562,0.3200107,0.84313536,0.6342761,0.59317434,0.7009854,0.10188861,0.4916767,0.09981381,1.0090796,0.634829,0.4061695,0.5525452,-0.3149991,0.14732206,0.19546221,0.48951536,-0.45356926,0.4776372,-1.0977287,-0.70606554,-0.8762633,-0.49848333,-0.14228266,0.43680468,0.58270836,0.6868324,-0.10677989,0.16110487,-0.26935422,-0.009725501,-0.38288775,-0.11524817,-0.3925365,-0.6296762,0.032677997,-0.55048656,0.075911574,0.20389706,-0.28589803,-0.07369168,-0.3392016,-0.2888192,-0.36796293,-0.2428236,-0.42341766,0.2934946,-0.4436076,-0.2436366,tutup
-262.28476,93.275894,30.58163,24.358284,10.1782875,10.883597,13.072967,-1.9733483,-7.412222,-2.7123723,-8.851678,-1.7822646,1.7509394,4.41296,1.4640632,-3.750802,-3.4094007,-3.5841422,-3.355701,-1.5330868,-4.7501283,2.0753717,-1.2783858,-0.03561033,-2.9876244,-3.6597576,-3.1261733,2.5037484,-1.0978884,0.28445375,-3.9605699,2.862461,-4.6828394,1.0332589,-1.3055599,-1.191371,-2.6574259,-2.457649,1.3658338,2.695843,7.81632,9.782621,8.737774,4.4637537,1.7438066,1.0081493,-1.3375118,2.1982305,1.069451,2.1868696,-2.0189607,-0.928344,-1.2013168,1.0536089,1.3164407,-0.5971618,-2.1854126,0.11295846,-1.1340809,-0.15179606,-0.35485846,-2.3197043,-0.81246954,1.8866742,-0.095071495,0.116156824,-0.6168989,0.6930829,0.9349368,1.1750946,-0.31828594,0.50174916,0.1774578,0.6965372,0.2539381,-0.8855846,-1.1375753,-0.5520562,-1.3448212,-1.3720329,-0.10200195,1.8663607,0.76449525,1.7181715,0.103284396,1.2857462,-0.13256562,0.18003798,0.35542253,1.2782347,0.5788339,0.10871166,0.37574685,0.09912919,-0.04686643,0.28845897,-0.36879483,0.1793594,-0.9497396,0.027574183,-1.0113964,-0.30924177,0.07703706,0.19709247,0.017351165,0.21005337,-0.10435738,0.08080847,-0.3567372,-0.19066073,0.26654938,-0.12467766,-0.19738682,0.49667534,-0.34928256,0.10045028,0.26510203,0.71452445,0.63719755,0.16599484,-0.14395946,-0.683079,-0.7066136,-0.42754743,-0.3666054,-0.15089224,-0.14092845,-0.32109392,tutup
-279.10654,84.96195,31.813162,25.561241,12.119002,13.031837,12.279889,3.1209674,0.21373779,0.22596395,-7.2789555,-1.4760939,-0.26235127,3.0765035,-0.75906575,-1.8221332,-1.8705968,-3.2943847,-3.1382108,-1.2493756,-3.782086,0.89038193,-2.2835267,0.4516192,-3.7692468,-1.3642619,-2.8664434,1.8804107,-2.5492754,-0.32599667,-2.722653,1.2913774,-6.0532346,-1.2119308,-3.2845263,-2.7917976,-2.0633152,-4.053293,-0.3456678,0.2937711,4.4270263,9.247146,8.147039,5.3544974,2.3527179,0.69027555,-2.0669048,0.6420798,0.18713672,1.1334314,-1.8610665,-1.2441266,-0.8532505,0.8718021,0.9796737,0.29487246,-2.1864457,-0.3966584,-1.4406917,0.016894326,-0.7764682,-0.59364504,-1.0330179,1.8716635,1.6248262,0.74219686,-0.5680914,0.8677459,1.3978294,0.9059552,-0.9671675,0.03898143,0.5414579,1.1701484,0.19421774,-0.53425264,-0.53808546,-0.44637057,-1.0998452,-1.2674143,-0.2221161,0.9796026,0.17790674,0.6151853,0.25437054,0.5954251,-0.683778,-0.49312526,0.06619391,1.195394,0.44368282,0.2514598,0.4695916,0.502209,-0.5053609,-0.46151334,-0.81392944,-0.1722805,-1.8319588,-1.0285044,-0.51959056,0.15734874,-0.15046465,0.3025333,0.27083537,-0.5238236,-0.8455225,-0.06653262,-0.047439676,-0.5007672,-0.21847619,0.45423678,0.08652223,0.110363334,0.18227729,0.2872447,0.15593411,0.7045323,0.9930393,0.34146053,0.24703428,0.036453586,-0.42553428,-0.8029584,0.3142213,-0.14493075,-0.14116438,0.26311815,tutup
-275.20483,82.96077,28.927486,24.740608,14.452224,14.092468,10.642096,0.19428837,-1.3705761,0.35986444,-3.3964736,0.52410764,0.15745087,1.2571055,-0.89997774,-1.2077522,-1.0019865,1.0973847,-3.0359504,-0.9008109,-3.338578,-0.32766223,-2.2997372,1.7835243,-1.9551103,-1.752094,-2.6115503,-0.15330224,-2.9689713,-0.94838655,-2.6486435,4.1253695,1.1864172,4.563862,1.7899576,2.5974736,-1.0786724,0.61899024,0.765773,-0.60243756,-0.043468043,0.17145756,-1.1625844,-1.1951488,-1.7290716,0.7210179,-0.6529247,0.7937292,-0.19006436,1.0109621,-1.2356204,-0.316969,0.4004122,1.6863409,-0.09350297,0.25123692,-1.7209209,-1.1924257,-1.4437978,-1.2005833,-1.1887138,-0.5854415,-0.49880317,0.9806295,0.18772884,0.3676148,1.163875,1.2402966,1.0609657,1.2718025,0.49586493,2.5074954,1.4161179,1.4975449,1.5841091,1.4807283,1.1709687,0.23685804,-0.6403235,-0.56390893,-0.29221347,-0.06994252,-0.520022,0.34820035,-0.4616938,0.40238947,-0.42602155,0.68698937,0.39380273,0.20758048,0.8117093,1.1881273,0.33839983,0.5632964,0.6099116,0.33752233,-0.46067205,-0.2105535,-0.7176612,-0.18774271,-0.60806036,0.26647136,0.16460581,-0.090998664,-0.15502052,0.1404774,0.105184965,-0.43624756,-0.26231977,0.20297559,0.14862438,0.49089992,0.01771257,-0.26131663,-0.24461603,-0.4424916,0.06083266,0.044511784,-0.43054283,-0.3111613,-0.32674196,-0.534879,-0.082902364,-0.35268497,-0.43520752,-0.79925746,0.06805231,-0.27809507,tutup
-298.22464,81.75655,30.135033,24.10917,15.774033,13.16591,10.518228,-0.095853895,-1.6061895,0.4088403,-4.3565903,-0.70629495,0.24560423,1.8392746,-2.338154,-2.5801919,-2.38142,-1.2963086,-2.924955,-0.63789016,-3.4265711,0.6734014,-2.2753808,0.8484075,-2.4466724,-1.7716517,-2.697061,1.038025,0.05405087,0.5359074,-2.2411952,2.393251,-1.5340028,0.8952207,-2.2844524,-0.16741216,-3.131956,0.16690691,0.56869215,0.7207951,1.6117672,2.9162433,1.7100881,0.10778751,0.11899025,0.7369219,0.053278435,0.42573416,0.4511968,1.72596,-1.1744,0.6354243,-0.088113956,0.46451765,0.210552,0.82046825,-1.0547779,-0.18942152,-1.0378667,-0.236389,-0.7342162,-1.3191429,-0.81582123,1.0531663,0.23687145,1.08118,0.38511834,1.2756433,0.8181595,0.69776374,0.5770606,-0.19251846,0.5810459,1.0592492,0.82236564,0.48146313,-0.4814802,0.32337874,-0.017358443,0.46219447,0.103161395,0.4858929,-0.06517963,-0.6363304,-0.30714062,0.85653925,-0.22889842,0.8463327,-0.5733634,-0.003527456,0.16475126,0.027423298,-0.0823781,0.8689277,0.632145,0.2616273,-0.44384718,-0.43950418,-0.36877936,0.08617488,-0.33593562,0.09693771,-0.04425032,0.04356784,0.2669177,0.72062194,-0.07459952,0.037147652,-0.3561584,0.14432265,0.1603594,0.075428784,-0.03298379,-0.033643663,0.13453251,0.10194578,-0.26310432,-0.3850075,-0.24456322,0.016999185,-0.5708515,-0.036988553,-0.19133092,-0.32031816,-0.88220906,-0.110861674,-0.021806868,-0.15321153,tutup
-255.51157,85.69088,33.200542,22.011572,14.750103,14.542058,10.301024,1.4222844,-2.104905,0.18459293,-6.218057,0.059617072,-0.8598896,2.6660182,-2.1207304,-2.1669457,-2.006803,-1.4274457,-2.8889565,-2.3233182,-4.547294,-0.5138676,-5.4145384,-1.1147988,-3.0246701,-1.5480224,-1.7279099,-0.19695674,-1.6312102,0.054152064,-0.5097843,6.6170945,0.6701943,3.4133031,-1.9536197,-0.5974734,-2.6745112,2.6795194,3.7914927,3.3716602,3.87354,1.4705918,-1.3527106,-2.6959062,-0.92655617,0.043860715,-0.6811872,0.5216394,-2.7858016,-0.39852643,-2.233878,1.2192338,-0.13291717,-0.99745345,-1.8888382,-0.51675427,-1.1819063,-1.3107198,-1.1156418,-0.51347554,-0.60381013,-0.54129565,-0.53039896,0.24766295,-0.17072974,1.3792479,1.9562995,2.0214443,0.08091011,-0.18073687,0.74791527,1.2721283,0.6400405,0.41309497,0.7199841,0.42201498,-0.29224193,0.200465,1.1448011,0.83714104,0.79090554,0.48646277,-0.4182176,-0.64021766,-1.0946068,0.7878556,-0.49364963,0.5145728,0.17277847,1.0928092,0.75294334,0.5589722,0.30114704,0.256155,-0.07296602,-0.5513361,-0.38634083,0.53021616,-0.09194388,-0.20737185,-1.1309527,0.24961524,0.043044362,0.38969266,0.11756186,0.56234616,-0.298161,0.47230482,-0.7714886,0.08009157,-0.30838436,0.44011438,0.12683558,0.16826148,0.30213502,0.16646318,-0.18830648,0.08537695,-0.12660122,-0.33269727,-0.2335862,0.21757434,0.026808556,-0.15250027,0.04833018,-0.4583481,0.12571271,-0.0771287,tutup
-247.47134,93.86601,34.970276,24.465374,11.300977,10.093167,10.50643,1.0370352,-3.6207662,-2.7506516,-7.8596067,-2.587543,0.65181607,3.7927303,-1.7355477,-1.1600415,-2.8914204,-1.3844535,-2.4219818,-1.1950881,-5.083084,0.8347012,-4.6114097,0.19421422,-2.5465112,-2.0744748,-1.937227,-0.7818635,-3.0413337,-0.40548506,-1.1206226,3.5333729,-0.4823878,2.5433006,-1.9935923,0.48523712,-1.5532887,-0.81812465,0.00081030774,-1.2249352,-0.34749693,-0.38055146,-1.0217216,-1.737729,0.037561614,1.0594795,0.73876315,2.791476,2.3152223,1.4326701,-0.36032692,0.8839716,0.1409786,0.13871673,1.2323453,0.5770848,-0.8988987,-0.55641985,-2.217386,0.17220354,-0.41353068,-0.606314,0.1807924,1.9650217,0.08448178,1.3097055,1.5930219,0.5501369,0.3403088,1.2180388,-0.30034614,0.5500017,-0.009461821,1.5374634,-0.037110638,-0.5110684,-0.12816818,-0.14044416,-0.5972175,0.0062049516,-0.15646245,-0.24525501,-0.53712064,-0.14939176,-0.4459959,0.5894837,-0.644436,0.038343064,-0.9243632,-0.21096414,-0.025785673,-0.045110706,-0.25174174,0.3821691,0.6009755,0.5287535,-0.34635398,0.0108467415,-0.114415474,-0.22413087,-0.3969489,0.07035595,-0.25506553,0.2520909,0.09042096,0.15019138,-0.45203868,-0.28718892,-0.2777905,0.2501415,0.7008743,0.37242112,-0.17402564,0.08440187,0.15274514,-0.0030181597,-0.25303048,0.20897913,0.3418348,0.14176357,-0.84649795,-0.5511794,-0.20267537,0.2396635,0.35650718,0.043089427,0.18358849,0.27170175,tutup
-231.1124,92.41952,34.58369,22.16143,10.829929,11.697653,11.860631,-0.83106595,-3.3979576,-4.1671753,-5.9519615,0.05264327,-0.007913779,1.2865199,-0.74400026,-2.5081677,-2.3230174,-1.3186171,-2.8229167,-1.4795274,-3.4397936,-2.397166,-2.6412127,0.70656127,-3.2687104,-0.9103638,-2.3957617,0.8337068,1.0645295,4.0253363,1.7452048,3.6809316,0.7159939,2.1913445,-1.7346358,0.035037883,-3.1024244,-0.6711633,-1.2515299,-3.0106604,-0.42379972,1.7685629,1.0726559,1.3872285,1.7150606,1.9485073,0.6335605,0.7051106,0.3172622,0.72413135,-0.8490371,1.3003408,-1.4265696,-0.67713356,-0.3207171,-0.2553993,-1.0733247,-0.39790937,-0.9006043,-0.3660334,-1.6627924,-1.2633888,-0.22631486,0.37019038,0.20044488,0.23208566,0.6449311,1.0241424,1.2508471,1.9668312,0.89778566,0.6297397,0.701897,0.6026096,0.07461062,0.4167432,-0.24943188,0.10968318,-0.106388785,-0.091623075,-0.06183413,0.4868332,0.47549558,0.604723,-0.05143498,0.6881121,-0.09912538,0.82606274,0.20137073,0.68183774,0.5236815,-0.025962291,-0.49242505,1.0150651,0.7183436,0.008087826,-0.74452215,-0.61282474,-0.82078755,-0.39210594,-1.4568479,-1.0163099,-0.21785815,0.70168227,0.14343028,0.60269374,-0.11000168,0.14584376,-0.28905827,0.11025838,0.4226114,0.21635017,0.036510352,-0.16168326,0.16295084,0.13990784,-0.055471737,0.1912898,0.12279657,-0.097996004,-0.41503537,-0.06973993,-0.5686866,-0.23292512,0.36416325,-0.17124245,0.18402463,-0.028652396,tutup
-243.44363,87.780846,30.106758,19.887423,14.440397,14.411773,10.168857,-1.4268225,-5.4377384,-0.009776365,-5.0611997,-0.58373356,-0.0042370576,1.2677704,0.13400817,-2.6040022,-0.9379045,1.9084162,-2.9868042,0.92781174,-4.91218,0.56948984,-3.2298303,0.5480354,-2.1675994,-1.0727105,-3.2964506,0.7072123,-3.391134,1.2586776,0.013508296,3.5837522,0.6580373,3.954964,0.04591088,2.1313255,-0.7321974,2.3349545,4.6495943,1.8188192,1.7236259,1.0017471,-0.61374956,-2.0273943,-2.067257,-0.0023079165,-2.0171077,0.20769863,-0.43054464,-0.15742005,-1.2521471,1.1978333,-0.106836855,-0.96619874,-2.2113802,-0.472242,-0.056309685,0.88884383,-2.0438714,-1.3326944,0.18661495,0.16618904,-0.45974648,0.3399046,0.68676996,1.38282,0.5057184,0.60228676,0.5067629,2.3470504,0.6121233,0.3790582,-0.79462475,0.73971784,-0.14301457,0.38900852,0.26393566,1.0064778,0.619857,0.86123496,0.5262365,-0.15540193,0.28554195,0.51122403,-0.6959207,0.88289267,-0.08017292,-0.15905085,-0.40780017,0.75099224,0.815649,0.21110322,-0.124039955,0.70150864,0.7307702,0.054561533,-0.006370117,0.13656332,-0.64131033,-0.5186685,-0.89224774,-0.76437265,-0.47185066,-0.26948214,0.15968698,-0.33050933,-0.91664827,-0.008126465,-0.19897754,0.035595722,0.1885915,0.48121962,-0.043774676,-0.4300741,0.021181427,-0.51050234,-0.26343295,-0.21240857,-0.27288526,0.1207247,0.19933501,-0.038585793,-0.22764945,-0.39963463,-0.16884217,-0.20280021,0.3026521,0.07305849,tutup
-247.70372,89.59984,32.18984,22.059135,12.752274,11.524995,9.392467,0.7406526,-5.1031437,-2.3284338,-7.909374,-1.2152317,0.8430298,4.8632646,-0.93601954,0.2596919,-0.74543184,-3.152239,-4.2148957,-1.9503739,-3.6925495,1.1086918,-2.6804686,0.65354145,-4.023045,-1.6484282,-1.9481567,0.69428945,1.0855532,2.6335464,2.49806,4.1000957,-1.2812229,2.0091207,-0.37186816,-0.26293203,-2.9876816,-1.9718192,-1.2903264,-1.6191677,0.5622128,2.2714424,0.8393361,-0.04557066,0.65457696,1.4805026,-0.13412431,0.5644976,-0.5089236,0.13429584,-1.080714,1.5443692,0.8308455,-0.17942224,-0.7486226,0.54783565,-0.9054554,1.0169961,-0.538416,-0.10104464,-1.0201855,-0.19915782,0.093989216,-0.038450915,0.13085562,0.3965541,0.5889504,1.528293,1.8387711,1.3769126,0.08588584,0.2723177,-0.034992415,0.7057224,0.11194414,-0.21886918,-0.87746567,-0.5921768,-0.51753724,-0.33164346,-0.1750524,0.072458714,0.785577,0.32300693,-0.2876782,0.7284964,-0.5892461,0.24763943,-0.17596976,0.6743777,0.5054373,0.25146362,0.17903681,0.6968612,0.63572556,0.21771815,-0.0565317,0.13184853,0.17567377,-0.13328876,-1.005116,-0.07801837,-0.20551157,0.22587949,0.13848026,0.4286955,-0.117039986,0.13906637,-0.5531316,-0.21975969,-0.24526665,-0.65355974,-0.18672578,-0.059308805,0.10328172,-0.06483235,0.00064117723,0.0044898675,0.32025635,-0.04122594,-0.30863577,-0.8238301,-0.16872774,0.15736322,0.020161908,-0.32746783,0.385041,0.065330684,tutup
-252.69122,87.00508,32.358566,22.988901,14.723638,13.970423,10.7766,-1.9272901,-3.9067245,-3.3628669,-4.6428127,2.7002559,1.7258413,2.0435596,-0.4757458,-2.2019868,-0.8824069,-2.003865,-2.0426273,0.51270324,-4.892398,-0.18617646,-3.0099554,1.1287954,-1.3479947,-1.2608918,-1.4054816,0.09329056,-2.8419378,-1.2888945,-3.467086,-0.7825631,-3.270934,0.65096104,-4.279095,-0.7506097,-2.1943066,3.9606097,6.7498016,6.482593,6.996842,3.5743976,0.035118293,-1.9488399,1.046071,2.7218661,1.4041882,0.4606453,-1.9791129,0.3605493,-0.3458111,3.400956,1.201111,-1.3133962,-2.111465,-0.6542034,0.42526945,0.748637,-1.7268648,-2.52593,-1.8627589,-0.0077618817,-1.2377723,-0.4944164,-0.7799688,1.5380001,0.78040665,-0.54572684,-0.48820063,0.1168941,-0.31565887,0.015824398,-1.337213,-0.23205115,1.0461453,0.121493705,-0.11168636,0.2478579,0.8211658,1.1244397,0.35220826,0.2860737,0.6345502,-0.16913368,-0.80571926,0.66355675,0.106792904,1.0347664,-0.5949738,0.93917745,0.34390187,0.3717346,0.041886717,1.0036805,0.47000176,0.04493729,-0.3539881,0.67088324,0.033405203,-0.46025938,-0.20971465,-0.078917086,-0.57191926,0.13404204,0.12090815,0.111713715,-0.24492286,-0.29572883,-0.0415111,-0.08659284,0.14616007,0.28339547,-0.14341311,-0.13907032,-0.04589276,-0.31311113,-0.44628996,-0.3697368,-0.4366548,-0.7386658,-0.63301736,-0.4024207,-0.18425888,-0.53096914,-0.16214828,-0.086347304,0.0016350966,-0.6364604,tutup
-240.88976,97.37267,34.237026,24.002186,10.731588,12.128004,11.805035,-3.3390105,-4.6973677,-7.3187265,-10.634796,-2.9131243,2.5299845,5.446162,0.11203202,-1.778493,-3.634251,-3.4244366,-2.9375231,-1.5461284,-2.831465,-0.16400407,-2.941128,0.23754129,-3.145197,-1.6426122,-1.5386358,1.4920632,0.43278807,-1.0662106,-0.45089063,2.2017956,-3.8788369,1.3613486,-3.8106394,-1.8904091,-3.0127747,-3.1746497,-1.6437837,-4.616043,-2.6903036,-1.3278024,-1.1697506,0.92390347,4.2591205,4.6505165,3.5504954,4.7002735,3.8263528,5.0176206,3.951852,4.4317236,1.2068492,-0.644945,-0.028206935,0.35276243,-1.0485588,0.4660902,-2.1090121,-1.4216758,-1.4054825,-0.10784743,0.25726876,0.25215477,-1.4582596,0.3238696,0.1805474,0.68525136,0.45146626,0.46416038,-0.4627272,0.6764944,0.18822728,0.10610985,-0.4423081,-0.34706363,0.32663596,0.20368104,-1.1178188,-0.62007856,-0.027816141,-1.0318925,-0.4783427,-0.5899461,-1.0238001,0.91179425,-0.37644756,0.43661267,-0.27113083,-0.09338147,-0.2417283,0.4835811,-0.36257374,0.42711365,-0.078908116,0.2839719,-0.4637257,-0.052393157,-0.026573742,0.88806725,-0.4355957,0.028201656,0.52618057,0.6470484,0.7503708,1.1699594,0.31736565,0.6036428,0.03981993,0.36292315,0.8475129,0.50883776,-0.43193454,0.09325886,0.2893621,-0.29427215,-0.5383811,-0.4585482,-0.09039724,-0.28545335,-0.107074976,-0.085698076,-0.16526301,-0.034454837,-0.0564375,-0.23598616,-0.291579,-0.39061585,tutup
-223.72818,98.47984,33.38629,23.205334,10.430978,12.549456,12.423096,-1.4236014,-5.595396,-4.9230075,-9.1343,-1.5561198,1.4505365,2.257583,-1.9093719,-2.6943057,-4.078099,-2.5666776,-3.5186925,-0.16418304,-4.933152,-0.17849989,-3.8396535,0.080079615,-3.2226398,-1.7001392,-2.6946378,-0.82940656,-1.54775,-0.6520021,-1.5806206,0.71964854,-4.65673,0.12618285,-5.5467234,-2.485014,-2.1585722,2.7323546,4.760874,1.589819,0.27964956,-0.5184625,-0.24301656,2.813083,6.4815235,7.1862082,2.5645077,-0.19238077,-2.246046,0.84647584,0.51765513,2.4319825,-0.32209468,-3.5938866,-2.0971823,-0.13953787,-1.0848645,0.227255,-1.7031612,-0.80213493,-0.73350126,-0.60080147,-0.9727868,0.82692397,-1.1370243,-0.39245278,0.41654316,0.42979884,0.98717004,-0.14624096,-1.2991015,0.17953382,0.21182075,-0.01892891,0.37730655,1.2776824,0.4932282,0.031018943,-0.8840545,-1.0710138,0.7157079,0.99387854,-0.6548823,-1.1699606,-1.1144009,0.004866611,-0.47424188,0.30423185,0.63630587,1.3372267,1.3122362,0.6322192,0.021450225,-0.00017422896,-0.1440688,0.016301177,0.45986158,0.5592559,-0.79475576,-0.6397989,-0.43766657,0.78632605,-0.00080301944,-0.013152856,1.1294725,-0.12147248,-0.8533241,0.2900525,0.18320167,-0.2892604,0.37670353,0.41645205,-0.6473955,-0.8075191,-0.10514355,-0.0253332,0.3691382,0.10734552,-0.2530049,-0.23243901,-0.19506058,0.33107302,0.772696,0.5890844,0.51754653,0.33489853,0.35438502,-0.57519865,tutup
-226.0695,94.63623,31.078125,24.482721,15.230668,12.126105,10.972442,-1.3315796,-3.6347818,-2.9127123,-8.3699255,-0.96925074,2.8595276,2.60595,-1.7651124,-1.78548,-1.9203676,-2.21623,-2.88071,2.497563,-3.7969854,-1.2903789,-4.2829666,-1.2257671,-3.9965148,-1.9454601,-1.5903715,-0.35270426,-2.789801,-1.0870742,-2.0279357,-0.022172004,-4.272489,-3.6341252,-6.5447373,-3.1937988,-1.3766022,4.296421,5.7951465,4.8528595,5.382843,4.594128,3.2136927,2.767585,2.7492592,1.1832087,-1.7978477,-1.3760296,-2.4873836,-0.23768647,-0.18772998,0.8324366,-1.7206508,-1.9440489,-0.40273654,0.17059942,-0.5192364,0.7400548,-2.3828049,-0.33141917,-0.09834083,0.0757816,-1.654702,-0.3281968,-1.2357684,1.2261559,0.83638316,-0.5924272,0.45938748,1.1227348,-0.808139,-0.33750767,0.007834497,0.56556314,1.029208,1.5930026,0.49778923,-0.24206083,-0.93386835,-0.18402724,0.14123137,0.2408952,-0.1427364,1.3011582,0.43061435,0.4821769,0.3200608,1.745546,0.31592274,0.7445197,-0.42193282,0.3854272,0.5692059,0.76387495,-0.07022907,0.4345651,-0.5703042,-0.29517823,0.14810334,0.79315853,-0.33230954,-0.3324378,0.24874024,1.0166863,0.21074001,0.6307728,0.059617396,-0.61225,-0.38974974,0.3581076,0.48127818,-0.13843827,-0.11568581,-0.166005,-0.17304869,-0.55639553,-0.92132664,-1.089246,-0.33563295,-0.27828586,-0.3302117,-0.29708442,0.6452591,0.2658183,0.111150466,0.037756126,0.15164721,-0.12967615,tutup
-242.36372,95.97894,29.57401,22.811651,12.864286,15.4028635,11.599356,-2.40451,-3.148626,-2.1579835,-8.780916,-0.7983405,1.3997871,2.4504786,0.14414136,-2.4475226,-0.9407053,0.025449416,-2.5532103,1.7451292,-3.5947995,1.2758398,-2.1307433,1.0078816,-2.421138,-3.3302572,-0.49177,0.18482175,-1.229085,-0.26428434,-3.2509825,0.20180203,-3.7569692,3.6958032,4.531536,7.312739,3.1293821,3.0613797,2.0644321,1.5717809,6.161098,5.7861395,2.5533743,-1.3047677,-1.6563176,-0.8128411,-1.3796977,1.4371566,-0.85671526,-1.8660465,-1.6227506,0.71049166,-0.27376214,-0.43219334,-0.9390255,-0.010265748,-1.7910457,0.4676779,-2.1263974,-1.6007476,-1.6898247,-1.4255295,-0.9042571,0.19716688,-0.64584225,-0.051746186,0.97341156,1.1553863,3.1405203,3.2916605,0.5775709,2.0999842,0.62509346,0.98992896,-0.14354995,-0.030433552,0.25627998,0.06160101,-1.6804186,-0.068633534,1.4520013,1.5198227,1.0518961,1.1193911,0.5767987,1.280037,-0.34120166,0.27944937,-0.20815417,0.0050644996,-0.18590373,-0.1796436,-0.92859066,-0.53774816,-0.07778278,-0.25965893,-0.039509818,-0.8623792,-0.95316595,0.08505544,-0.11041267,-0.4073828,-0.17185283,0.21063343,0.43790284,0.36252296,-0.19472724,-0.060393438,-0.7920255,-0.05555335,0.44701558,0.35968903,-0.28885603,-0.30593154,0.08461221,0.18439259,0.29647592,0.26963338,0.13308413,0.22982402,0.01814885,-0.12603056,-0.5159395,-0.025276748,-0.28852862,-0.30474347,0.12887153,-0.5983166,tutup
-259.01773,96.38456,28.747206,22.26316,10.928019,9.820841,12.46362,-3.2170336,-6.3307633,-0.61612946,-9.287897,0.5694337,3.4133573,1.4158335,-1.4506339,-0.6182159,-2.689104,-2.7060285,-4.418282,0.71753347,-4.466882,1.1661487,-4.107886,0.26038906,-2.399126,-2.5528991,-1.7022556,0.47319812,0.83743346,3.6181762,1.251498,4.040119,-3.1117957,0.19754583,-0.8728342,0.8429683,-2.1267076,1.2828488,0.33104944,0.5413622,4.796704,6.0023828,3.8418667,1.5922767,-0.15065667,-0.21449809,-0.9178859,1.4296485,-0.12312088,1.2438499,-1.3803856,-2.236205,-0.8345247,1.2082396,0.70869416,0.39031002,-2.511133,-1.0225255,-0.98933834,1.1312473,-0.37077636,-0.9503408,-0.33772776,0.895198,-0.19393839,0.22533722,0.42040375,0.6791018,0.10536622,0.37756446,-0.3105062,0.7889758,-0.063478306,1.1010689,0.5153674,-0.7267895,0.09472246,-0.28156996,-1.3479674,-0.36590624,0.6852094,0.97533965,0.7768866,0.66475636,-0.008151133,0.679401,-0.21281087,1.1823602,-0.12622449,0.20174275,0.9310231,-0.21581468,-0.78502846,0.06087336,0.0057954495,0.17976321,-0.20145847,-0.039837677,-0.5450065,-0.16503017,-0.89825356,-0.6827649,-0.42260203,-0.20551696,0.5461106,0.70837104,-0.4173348,-0.10430036,-0.026432628,0.17281152,-0.11553381,0.23729603,-0.010122028,-0.2615385,0.009044376,-0.3141067,-0.46834445,0.6326273,0.25925958,0.46617115,-0.30833998,-0.124559164,-0.46288276,-0.35704443,-0.46604955,-0.38437676,0.117255926,-0.4093919,tutup
